Frame	Rg
0	10.351221084594727
1	10.351221084594727
2	10.256318092346191
3	10.290379524230957
4	10.326875686645508
5	10.293720245361328
6	10.231958389282227
7	10.23989486694336
8	10.26453971862793
9	10.233447074890137
10	10.34536361694336
11	10.294768333435059
12	10.262457847595215
13	10.28504753112793
14	10.291162490844727
15	10.23165512084961
16	10.252448081970215
17	10.297072410583496
18	10.317249298095703
19	10.255552291870117
20	10.278020858764648
21	10.290060043334961
22	10.30306339263916
23	10.31459903717041
24	10.310051918029785
25	10.284868240356445
26	10.25757122039795
27	10.329848289489746
28	10.34622573852539
29	10.402523040771484
30	10.362089157104492
31	10.328715324401855
32	10.330355644226074
33	10.32480525970459
34	10.39173698425293
35	10.321760177612305
36	10.369027137756348
37	10.439972877502441
38	10.495683670043945
39	10.419878959655762
40	10.433147430419922
41	10.462165832519531
42	10.47677993774414
43	10.404147148132324
44	10.426240921020508
45	10.719189643859863
46	10.746557235717773
47	10.865045547485352
48	10.694245338439941
49	10.768625259399414
50	10.713005065917969
51	10.64448356628418
52	10.562780380249023
53	10.747588157653809
54	10.688018798828125
55	10.458802223205566
56	10.64089298248291
57	10.459630966186523
58	10.322271347045898
59	10.264872550964355
60	10.495707511901855
61	10.455631256103516
62	10.390013694763184
63	10.533268928527832
64	10.392763137817383
65	10.351601600646973
66	10.520710945129395
67	10.318029403686523
68	10.338119506835938
69	10.115513801574707
70	10.256546020507813
71	10.294719696044922
72	10.179960250854492
73	10.022928237915039
74	10.114023208618164
75	10.189945220947266
76	10.2783203125
77	10.055641174316406
78	10.267236709594727
79	10.328165054321289
80	10.191102981567383
81	10.179776191711426
82	10.226573944091797
83	9.984132766723633
84	10.029473304748535
85	10.039885520935059
86	10.014431953430176
87	10.319867134094238
88	10.117124557495117
89	10.328493118286133
90	10.32796573638916
91	10.319546699523926
92	10.102020263671875
93	10.40918254852295
94	10.397235870361328
95	10.349806785583496
96	10.286825180053711
97	10.41921329498291
98	10.54032039642334
99	10.393054008483887
100	10.271753311157227
101	10.222468376159668
102	10.391722679138184
103	10.292555809020996
104	10.173683166503906
105	10.211600303649902
106	10.207571983337402
107	10.38442611694336
108	10.490110397338867
109	10.401379585266113
110	10.364126205444336
111	10.427614212036133
112	10.295570373535156
113	10.411564826965332
114	10.272232055664063
115	10.390097618103027
116	10.471358299255371
117	10.345005989074707
118	10.28439998626709
119	10.27155590057373
120	10.501546859741211
121	10.413090705871582
122	10.241013526916504
123	10.425250053405762
124	10.43314266204834
125	10.329418182373047
126	10.40676212310791
127	10.3515625
128	10.451343536376953
129	10.496240615844727
130	10.559408187866211
131	10.453422546386719
132	10.487412452697754
133	10.53331184387207
134	10.215099334716797
135	10.368433952331543
136	10.425708770751953
137	10.412495613098145
138	10.397337913513184
139	10.373872756958008
140	10.569092750549316
141	10.355116844177246
142	10.5714750289917
143	10.765838623046875
144	10.617766380310059
145	10.592936515808105
146	10.694924354553223
147	10.696253776550293
148	10.833880424499512
149	10.747368812561035
150	10.74904727935791
151	10.47181224822998
152	10.588459014892578
153	10.343323707580566
154	10.326125144958496
155	10.252787590026855
156	10.297943115234375
157	10.083666801452637
158	10.094321250915527
159	10.121062278747559
160	10.308422088623047
161	10.296163558959961
162	10.254632949829102
163	10.223285675048828
164	10.189142227172852
165	10.36031723022461
166	10.11855697631836
167	9.873052597045898
168	9.788784980773926
169	9.921320915222168
170	9.757200241088867
171	9.757027626037598
172	9.811051368713379
173	9.686612129211426
174	9.805363655090332
175	9.798184394836426
176	9.84994125366211
177	9.886258125305176
178	9.774450302124023
179	9.735462188720703
180	9.818232536315918
181	9.807209968566895
182	9.810547828674316
183	9.625975608825684
184	9.847494125366211
185	9.772605895996094
186	9.828715324401855
187	9.698497772216797
188	9.816360473632813
189	9.836542129516602
190	9.7191801071167
191	9.921921730041504
192	9.960067749023438
193	9.882673263549805
194	9.943865776062012
195	10.013277053833008
196	9.93472671508789
197	9.891762733459473
198	9.887552261352539
199	10.026148796081543
200	9.945366859436035
201	9.85534954071045
202	9.87671184539795
203	9.7268648147583
204	9.76596450805664
205	9.757183074951172
206	9.729935646057129
207	9.778216361999512
208	9.986393928527832
209	9.923121452331543
210	9.850793838500977
211	9.845588684082031
212	10.08256721496582
213	9.8676176071167
214	9.97872257232666
215	9.923617362976074
216	10.248509407043457
217	9.937124252319336
218	9.822748184204102
219	9.82005786895752
220	9.82309341430664
221	10.06225872039795
222	10.016788482666016
223	10.062929153442383
224	9.929342269897461
225	9.98983097076416
226	9.798169136047363
227	9.836214065551758
228	9.738158226013184
229	9.97434139251709
230	9.855452537536621
231	9.783309936523438
232	9.918008804321289
233	9.912487030029297
234	10.200798034667969
235	10.024985313415527
236	10.073546409606934
237	10.07204532623291
238	10.199989318847656
239	10.012044906616211
240	9.943946838378906
241	9.991321563720703
242	9.965153694152832
243	9.98305606842041
244	9.820287704467773
245	10.030951499938965
246	9.89420223236084
247	9.93175983428955
248	9.926458358764648
249	9.90857219696045
250	10.0538911819458
251	10.27607536315918
252	10.188202857971191
253	10.035301208496094
254	9.845973014831543
255	9.937192916870117
256	10.057406425476074
257	9.859360694885254
258	9.867219924926758
259	9.948427200317383
260	9.907310485839844
261	9.9463472366333
262	10.072816848754883
263	10.019710540771484
264	10.124590873718262
265	10.069671630859375
266	10.08535385131836
267	10.028568267822266
268	9.900030136108398
269	10.03024959564209
270	9.91342544555664
271	9.992918968200684
272	9.767537117004395
273	9.744927406311035
274	9.780900001525879
275	9.799631118774414
276	9.972542762756348
277	10.10057258605957
278	10.09007740020752
279	10.069847106933594
280	10.132291793823242
281	9.917137145996094
282	9.936003684997559
283	10.058494567871094
284	10.248650550842285
285	9.93033218383789
286	9.924971580505371
287	9.907614707946777
288	9.94163990020752
289	10.040891647338867
290	10.047998428344727
291	9.916996002197266
292	9.937995910644531
293	9.817117691040039
294	10.054869651794434
295	10.12971019744873
296	10.072260856628418
297	9.959317207336426
298	9.858991622924805
299	9.859403610229492
300	9.95253849029541
301	9.969714164733887
302	9.930183410644531
303	9.982726097106934
304	9.789190292358398
305	9.82533073425293
306	9.819681167602539
307	9.88958740234375
308	9.678546905517578
309	9.8675537109375
310	9.9415864944458
311	9.93464469909668
312	9.780217170715332
313	9.92988109588623
314	9.879007339477539
315	9.886664390563965
316	9.884027481079102
317	9.8447904586792
318	9.898488998413086
319	9.99561595916748
320	10.01854419708252
321	10.157362937927246
322	9.865222930908203
323	9.950546264648438
324	9.911895751953125
325	10.039690971374512
326	9.981939315795898
327	9.796462059020996
328	9.95177173614502
329	9.833976745605469
330	9.891427040100098
331	10.101033210754395
332	9.89574146270752
333	9.967435836791992
334	9.917880058288574
335	9.969439506530762
336	9.903815269470215
337	10.017844200134277
338	9.999960899353027
339	10.098173141479492
340	10.131481170654297
341	10.177840232849121
342	10.010558128356934
343	10.13502025604248
344	10.118524551391602
345	10.229490280151367
346	10.153327941894531
347	10.0861177444458
348	10.035289764404297
349	10.044632911682129
350	10.25540828704834
351	10.329277992248535
352	10.05533504486084
353	9.953700065612793
354	10.26118278503418
355	10.185210227966309
356	10.012596130371094
357	10.111690521240234
358	10.136754035949707
359	9.957991600036621
360	9.95286750793457
361	10.019451141357422
362	10.026651382446289
363	9.873445510864258
364	9.843086242675781
365	9.771177291870117
366	10.080893516540527
367	10.05395221710205
368	10.005622863769531
369	10.037973403930664
370	10.081114768981934
371	9.970330238342285
372	10.00755786895752
373	10.066134452819824
374	9.938639640808105
375	9.919740676879883
376	10.475885391235352
377	10.223677635192871
378	9.829442024230957
379	9.951390266418457
380	9.997983932495117
381	9.978217124938965
382	10.234586715698242
383	10.159910202026367
384	10.005688667297363
385	9.929434776306152
386	9.998311996459961
387	9.96623706817627
388	9.92612361907959
389	9.96063232421875
390	9.907474517822266
391	10.133305549621582
392	10.021944046020508
393	9.955334663391113
394	10.010889053344727
395	10.02026081085205
396	10.059918403625488
397	10.09380054473877
398	10.233704566955566
399	10.090015411376953
400	9.963835716247559
401	10.147614479064941
402	10.306083679199219
403	10.393590927124023
404	10.407785415649414
405	10.225205421447754
406	10.38231372833252
407	10.155720710754395
408	10.139754295349121
409	10.140263557434082
410	10.23728084564209
411	10.140932083129883
412	10.133705139160156
413	10.03920841217041
414	10.047219276428223
415	9.9519681930542
416	9.97291374206543
417	9.929231643676758
418	10.155357360839844
419	10.418318748474121
420	10.141433715820313
421	9.889812469482422
422	10.316606521606445
423	10.024900436401367
424	9.988370895385742
425	9.991613388061523
426	10.003771781921387
427	10.04556655883789
428	10.177430152893066
429	9.833051681518555
430	9.868182182312012
431	9.980609893798828
432	9.985349655151367
433	10.095844268798828
434	9.922042846679688
435	10.07235336303711
436	9.982629776000977
437	9.884490966796875
438	9.981494903564453
439	9.76930046081543
440	9.949885368347168
441	9.983552932739258
442	9.734594345092773
443	9.766496658325195
444	9.896209716796875
445	9.840311050415039
446	9.864806175231934
447	9.955925941467285
448	9.88313102722168
449	9.809749603271484
450	9.888136863708496
451	9.744417190551758
452	9.785504341125488
453	9.824077606201172
454	9.910537719726563
455	9.733406066894531
456	9.694356918334961
457	9.811052322387695
458	9.669478416442871
459	9.793234825134277
460	9.642067909240723
461	9.773879051208496
462	9.757124900817871
463	9.703689575195313
464	9.834094047546387
465	9.79433536529541
466	9.926748275756836
467	9.86281681060791
468	9.914206504821777
469	9.932985305786133
470	9.939345359802246
471	9.90983772277832
472	9.948094367980957
473	9.858541488647461
474	9.948711395263672
475	9.77148151397705
476	9.829667091369629
477	9.942913055419922
478	10.041396141052246
479	9.791237831115723
480	9.953091621398926
481	9.8325777053833
482	9.882805824279785
483	9.83972454071045
484	9.813143730163574
485	9.919392585754395
486	10.06082534790039
487	10.042564392089844
488	10.300891876220703
489	10.15098762512207
490	10.261515617370605
491	10.43418025970459
492	10.349570274353027
493	10.1561918258667
494	10.280097007751465
495	10.321571350097656
496	10.184867858886719
497	10.264958381652832
498	10.294849395751953
499	10.344849586486816
500	10.451480865478516
501	10.063788414001465
502	10.199649810791016
503	10.016302108764648
504	10.205921173095703
505	10.075536727905273
506	10.126238822937012
507	10.010172843933105
508	9.783488273620605
509	9.953367233276367
510	10.19057559967041
511	10.033446311950684
512	10.092016220092773
513	9.976758003234863
514	9.958663940429688
515	10.105205535888672
516	10.139509201049805
517	10.033937454223633
518	9.862665176391602
519	9.669535636901855
520	9.837852478027344
521	9.964706420898438
522	9.932147026062012
523	9.944923400878906
524	10.036932945251465
525	10.067943572998047
526	10.1569242477417
527	10.00687026977539
528	9.895331382751465
529	10.040306091308594
530	10.025004386901855
531	10.071598052978516
532	10.099016189575195
533	10.006964683532715
534	9.92388916015625
535	10.004432678222656
536	10.015165328979492
537	10.127882957458496
538	10.279648780822754
539	10.329127311706543
540	10.308638572692871
541	10.266298294067383
542	10.363570213317871
543	10.217903137207031
544	10.262662887573242
545	10.245573997497559
546	10.307209014892578
547	10.259076118469238
548	10.275660514831543
549	10.36238956451416
550	10.253640174865723
551	10.221614837646484
552	10.009788513183594
553	10.194153785705566
554	10.291874885559082
555	10.224640846252441
556	10.213144302368164
557	10.217671394348145
558	10.086647033691406
559	10.201980590820313
560	10.358914375305176
561	10.308570861816406
562	10.23487663269043
563	10.112051963806152
564	10.004288673400879
565	10.003186225891113
566	9.980829238891602
567	10.09885025024414
568	10.01419734954834
569	9.998994827270508
570	9.89712905883789
571	9.966008186340332
572	9.872143745422363
573	9.91708755493164
574	9.951708793640137
575	9.893012046813965
576	9.9735107421875
577	10.02038288116455
578	9.949095726013184
579	10.00837230682373
580	10.005615234375
581	9.972091674804688
582	9.975414276123047
583	9.975634574890137
584	10.08666706085205
585	9.901254653930664
586	10.017067909240723
587	9.938275337219238
588	10.082447052001953
589	10.15519905090332
590	9.919816970825195
591	9.906660079956055
592	9.972786903381348
593	10.012411117553711
594	9.923283576965332
595	10.091838836669922
596	10.005463600158691
597	9.99254322052002
598	10.084359169006348
599	10.08443546295166
600	10.1332426071167
601	10.07970905303955
602	10.130180358886719
603	9.968263626098633
604	9.937318801879883
605	10.072015762329102
606	9.986617088317871
607	9.999268531799316
608	10.092296600341797
609	9.773605346679688
610	9.882792472839355
611	9.92667293548584
612	9.947916984558105
613	10.083148956298828
614	9.9796724319458
615	9.985980987548828
616	10.104156494140625
617	10.250171661376953
618	10.217884063720703
619	10.170585632324219
620	10.085516929626465
621	9.976127624511719
622	9.962634086608887
623	10.018492698669434
624	10.212084770202637
625	10.3565673828125
626	10.433279991149902
627	10.244851112365723
628	10.497815132141113
629	10.577155113220215
630	10.246565818786621
631	10.014644622802734
632	10.044856071472168
633	9.9851713180542
634	9.965946197509766
635	9.949139595031738
636	9.854376792907715
637	9.79024600982666
638	9.924132347106934
639	9.938104629516602
640	9.75259780883789
641	9.783403396606445
642	9.908614158630371
643	9.836128234863281
644	9.860749244689941
645	10.146918296813965
646	9.886789321899414
647	9.830401420593262
648	9.897904396057129
649	9.78791332244873
650	9.940374374389648
651	10.029065132141113
652	9.967986106872559
653	9.937198638916016
654	9.801751136779785
655	9.794018745422363
656	9.650516510009766
657	9.830937385559082
658	9.705353736877441
659	9.749979972839355
660	9.740654945373535
661	9.779935836791992
662	9.643271446228027
663	9.72213363647461
664	9.83100700378418
665	9.951650619506836
666	9.840492248535156
667	9.799090385437012
668	9.917510986328125
669	9.917295455932617
670	9.82481575012207
671	9.796849250793457
672	9.744603157043457
673	9.798991203308105
674	9.794918060302734
675	9.742856979370117
676	9.864371299743652
677	9.865309715270996
678	9.87802505493164
679	9.75508975982666
680	9.819791793823242
681	9.939187049865723
682	9.714460372924805
683	9.896089553833008
684	9.832701683044434
685	9.956210136413574
686	9.760880470275879
687	9.8075532913208
688	10.021461486816406
689	9.847311019897461
690	10.0659818649292
691	10.089812278747559
692	10.18243408203125
693	10.16952133178711
694	9.93234634399414
695	9.987835884094238
696	10.103720664978027
697	10.062762260437012
698	9.950114250183105
699	10.075371742248535
700	10.185872077941895
701	10.237447738647461
702	10.206226348876953
703	9.996261596679688
704	9.976968765258789
705	9.881855010986328
706	9.939558029174805
707	9.91146469116211
708	9.771291732788086
709	9.864986419677734
710	10.147236824035645
711	10.096025466918945
712	10.190425872802734
713	10.190701484680176
714	10.411073684692383
715	10.207826614379883
716	10.378210067749023
717	10.550731658935547
718	10.252718925476074
719	10.034780502319336
720	10.33411693572998
721	10.155827522277832
722	10.482868194580078
723	10.252036094665527
724	10.303898811340332
725	10.234036445617676
726	10.117680549621582
727	10.367064476013184
728	10.234062194824219
729	10.323365211486816
730	10.52492618560791
731	10.054685592651367
732	10.08526611328125
733	10.27363109588623
734	10.357477188110352
735	10.551040649414063
736	10.742899894714355
737	10.719598770141602
738	10.435406684875488
739	10.482410430908203
740	10.655410766601563
741	10.744205474853516
742	10.617074966430664
743	10.60563850402832
744	10.419218063354492
745	10.742399215698242
746	10.351716041564941
747	10.505391120910645
748	10.504735946655273
749	10.40943431854248
750	10.205629348754883
751	10.092926979064941
752	9.918124198913574
753	10.205573081970215
754	10.072004318237305
755	10.12076473236084
756	10.166077613830566
757	10.222122192382813
758	10.330702781677246
759	10.116288185119629
760	10.169312477111816
761	10.271183013916016
762	10.586310386657715
763	10.419661521911621
764	10.260496139526367
765	10.16211223602295
766	10.385135650634766
767	10.43529224395752
768	10.376035690307617
769	10.193821907043457
770	10.445602416992188
771	10.473307609558105
772	10.391556739807129
773	10.302772521972656
774	10.311808586120605
775	10.278515815734863
776	10.370088577270508
777	10.372394561767578
778	10.327529907226563
779	10.389543533325195
780	10.310015678405762
781	10.448126792907715
782	10.475414276123047
783	10.421669006347656
784	10.108838081359863
785	9.880533218383789
786	10.103490829467773
787	10.190340042114258
788	10.207144737243652
789	10.031532287597656
790	9.910888671875
791	10.154765129089355
792	10.344948768615723
793	10.297534942626953
794	10.213360786437988
795	10.2830228805542
796	10.197497367858887
797	10.346537590026855
798	10.123114585876465
799	10.352755546569824
800	10.095361709594727
801	9.97623348236084
802	9.940154075622559
803	10.058472633361816
804	10.015130996704102
805	10.312603950500488
806	10.27505111694336
807	10.002941131591797
808	10.163300514221191
809	10.320420265197754
810	10.191452980041504
811	10.252270698547363
812	10.148200988769531
813	10.163331985473633
814	9.997462272644043
815	10.14769172668457
816	9.99891185760498
817	10.302518844604492
818	10.27232837677002
819	10.319859504699707
820	10.303606986999512
821	10.32148551940918
822	10.13455581665039
823	10.158537864685059
824	10.227128028869629
825	10.122862815856934
826	10.32517147064209
827	10.15925121307373
828	10.347745895385742
829	10.231487274169922
830	10.079349517822266
831	10.23027515411377
832	10.344280242919922
833	10.171927452087402
834	10.421130180358887
835	10.193265914916992
836	10.224929809570313
837	10.071246147155762
838	10.324736595153809
839	10.17855453491211
840	10.006990432739258
841	10.131423950195313
842	10.29816722869873
843	10.462078094482422
844	10.589327812194824
845	10.384820938110352
846	10.65008544921875
847	10.78867244720459
848	10.865476608276367
849	10.978276252746582
850	10.703653335571289
851	10.454001426696777
852	10.636983871459961
853	10.510272979736328
854	10.333697319030762
855	10.182464599609375
856	10.312712669372559
857	10.15112590789795
858	10.21330451965332
859	10.184995651245117
860	10.496282577514648
861	10.752748489379883
862	10.482430458068848
863	10.417818069458008
864	10.384628295898438
865	10.504754066467285
866	10.32275104522705
867	10.457685470581055
868	10.383614540100098
869	10.471035957336426
870	10.364974975585938
871	10.253076553344727
872	10.276972770690918
873	10.303834915161133
874	10.357441902160645
875	10.245622634887695
876	10.345163345336914
877	10.173661231994629
878	10.376770973205566
879	10.373023986816406
880	10.461000442504883
881	10.440655708312988
882	10.295538902282715
883	10.465245246887207
884	10.441874504089355
885	10.27502155303955
886	10.277445793151855
887	10.076698303222656
888	10.276753425598145
889	10.163725852966309
890	10.118350982666016
891	9.98781681060791
892	9.991783142089844
893	10.058284759521484
894	10.121962547302246
895	10.24531364440918
896	10.455607414245605
897	10.33957290649414
898	10.196426391601563
899	10.261981010437012
900	10.23550796508789
901	10.474549293518066
902	10.406742095947266
903	10.336723327636719
904	10.290191650390625
905	10.222334861755371
906	10.343450546264648
907	10.536503791809082
908	10.676947593688965
909	10.709951400756836
910	10.431694030761719
911	10.587836265563965
912	10.318050384521484
913	10.316387176513672
914	10.19629955291748
915	10.256451606750488
916	10.206707000732422
917	10.144415855407715
918	10.168147087097168
919	10.105924606323242
920	10.074606895446777
921	10.158631324768066
922	10.356147766113281
923	10.29314136505127
924	10.408241271972656
925	10.392823219299316
926	10.606139183044434
927	10.667448043823242
928	10.505132675170898
929	10.304577827453613
930	10.120604515075684
931	10.122305870056152
932	10.036102294921875
933	10.178855895996094
934	10.103785514831543
935	10.03931999206543
936	10.007540702819824
937	10.007657051086426
938	10.222898483276367
939	10.039324760437012
940	10.068778038024902
941	10.03994369506836
942	10.136534690856934
943	10.231499671936035
944	10.058005332946777
945	10.114933967590332
946	10.20601749420166
947	10.162320137023926
948	10.14551067352295
949	10.082913398742676
950	10.177618026733398
951	10.320704460144043
952	10.267010688781738
953	10.419618606567383
954	10.249483108520508
955	10.269176483154297
956	10.244155883789063
957	10.216835975646973
958	10.297119140625
959	10.31632137298584
960	10.222084999084473
961	10.128593444824219
962	10.201238632202148
963	10.070375442504883
964	10.113302230834961
965	10.18122673034668
966	10.026397705078125
967	10.13054084777832
968	10.280046463012695
969	10.18763542175293
970	10.401477813720703
971	10.315115928649902
972	10.154780387878418
973	10.346553802490234
974	10.204678535461426
975	10.281803131103516
976	10.190712928771973
977	10.279156684875488
978	10.342763900756836
979	10.597173690795898
980	10.517141342163086
981	10.560566902160645
982	10.625367164611816
983	10.340314865112305
984	10.338507652282715
985	10.460984230041504
986	10.2027006149292
987	10.33224105834961
988	10.189266204833984
989	10.27646255493164
990	10.21070384979248
991	10.43683910369873
992	10.664849281311035
993	10.767815589904785
994	10.641036987304688
995	10.535324096679688
996	10.201570510864258
997	10.458255767822266
998	10.446125984191895
999	10.423919677734375
1000	10.593631744384766
1001	10.286911010742188
1002	10.242688179016113
1003	10.021819114685059
1004	10.126945495605469
1005	9.927563667297363
1006	9.958290100097656
1007	10.02768611907959
1008	10.003931045532227
1009	9.821879386901855
1010	9.691547393798828
1011	9.866145133972168
1012	9.733391761779785
1013	9.818778991699219
1014	9.769707679748535
1015	9.732359886169434
1016	9.775566101074219
1017	9.722186088562012
1018	9.911360740661621
1019	10.051255226135254
1020	10.12926959991455
1021	10.316078186035156
1022	10.258831024169922
1023	10.212705612182617
1024	10.247729301452637
1025	10.259163856506348
1026	10.278014183044434
1027	10.232309341430664
1028	10.259271621704102
1029	10.144036293029785
1030	10.297839164733887
1031	10.146684646606445
1032	10.076661109924316
1033	10.1229829788208
1034	9.979058265686035
1035	10.156736373901367
1036	10.179838180541992
1037	10.253947257995605
1038	10.089913368225098
1039	10.125911712646484
1040	10.3313570022583
1041	10.035006523132324
1042	10.024200439453125
1043	10.010078430175781
1044	9.991687774658203
1045	10.049057006835938
1046	9.97479248046875
1047	10.022644996643066
1048	10.204041481018066
1049	9.988862991333008
1050	9.99663257598877
1051	10.028467178344727
1052	10.023362159729004
1053	10.067708969116211
1054	10.074295043945313
1055	9.762699127197266
1056	9.864282608032227
1057	9.97836971282959
1058	9.947002410888672
1059	10.097123146057129
1060	10.004405975341797
1061	9.744970321655273
1062	9.700496673583984
1063	9.680231094360352
1064	9.708105087280273
1065	9.759191513061523
1066	9.62273120880127
1067	9.733196258544922
1068	9.762537956237793
1069	10.045543670654297
1070	9.974522590637207
1071	10.033753395080566
1072	10.027073860168457
1073	9.961755752563477
1074	9.995721817016602
1075	9.988017082214355
1076	9.762310028076172
1077	9.817987442016602
1078	9.838719367980957
1079	9.716416358947754
1080	9.69787883758545
1081	9.833542823791504
1082	9.677206993103027
1083	9.595717430114746
1084	9.637995719909668
1085	9.69395923614502
1086	9.61410140991211
1087	9.778109550476074
1088	9.705656051635742
1089	9.80502986907959
1090	9.998358726501465
1091	9.890419960021973
1092	9.916560173034668
1093	10.153115272521973
1094	10.101594924926758
1095	9.934624671936035
1096	9.959284782409668
1097	10.160624504089355
1098	10.172344207763672
1099	10.253782272338867
1100	10.070409774780273
1101	10.118066787719727
1102	10.201414108276367
1103	9.983099937438965
1104	9.942719459533691
1105	9.867659568786621
1106	9.934577941894531
1107	9.951189041137695
1108	10.070114135742188
1109	10.006539344787598
1110	10.108856201171875
1111	10.077301025390625
1112	10.080818176269531
1113	10.233589172363281
1114	10.458062171936035
1115	10.652630805969238
1116	10.639493942260742
1117	10.302489280700684
1118	10.324658393859863
1119	10.346436500549316
1120	10.2504301071167
1121	10.149033546447754
1122	10.291863441467285
1123	10.334148406982422
1124	10.097184181213379
1125	10.062455177307129
1126	10.066410064697266
1127	10.232271194458008
1128	10.130531311035156
1129	10.110909461975098
1130	10.200094223022461
1131	9.97751522064209
1132	9.999775886535645
1133	10.118902206420898
1134	10.185527801513672
1135	10.394205093383789
1136	10.447721481323242
1137	10.139593124389648
1138	10.202186584472656
1139	10.043129920959473
1140	9.937872886657715
1141	9.956509590148926
1142	10.025522232055664
1143	10.358201026916504
1144	10.108133316040039
1145	10.043410301208496
1146	10.26106071472168
1147	10.147019386291504
1148	10.13774299621582
1149	10.11713695526123
1150	9.865381240844727
1151	9.834446907043457
1152	9.72969913482666
1153	9.88735294342041
1154	9.68110179901123
1155	9.866788864135742
1156	9.746070861816406
1157	9.674773216247559
1158	9.473628044128418
1159	9.572503089904785
1160	9.472319602966309
1161	9.680795669555664
1162	9.608421325683594
1163	9.398406028747559
1164	9.383369445800781
1165	9.512468338012695
1166	9.359728813171387
1167	9.451872825622559
1168	9.579765319824219
1169	9.488221168518066
1170	9.443761825561523
1171	9.458183288574219
1172	9.35267448425293
1173	9.347233772277832
1174	9.372757911682129
1175	9.331716537475586
1176	9.41789436340332
1177	9.455260276794434
1178	9.37630558013916
1179	9.435111999511719
1180	9.383496284484863
1181	9.480257987976074
1182	9.42931079864502
1183	9.37155532836914
1184	9.477121353149414
1185	9.393587112426758
1186	9.370500564575195
1187	9.377724647521973
1188	9.410655975341797
1189	9.518595695495605
1190	9.450141906738281
1191	9.38891315460205
1192	9.476566314697266
1193	9.321836471557617
1194	9.546732902526855
1195	9.533827781677246
1196	9.501543045043945
1197	9.5675048828125
1198	9.478281021118164
1199	9.435333251953125
1200	9.467117309570313
1201	9.512939453125
1202	9.386444091796875
1203	9.427117347717285
1204	9.446551322937012
1205	9.440850257873535
1206	9.435582160949707
1207	9.494441032409668
1208	9.46146297454834
1209	9.39784049987793
1210	9.524526596069336
1211	9.349302291870117
1212	9.421303749084473
1213	9.44519329071045
1214	9.463202476501465
1215	9.417167663574219
1216	9.494504928588867
1217	9.433873176574707
1218	9.495782852172852
1219	9.491477966308594
1220	9.540332794189453
1221	9.476881980895996
1222	9.637086868286133
1223	9.537683486938477
1224	9.570014953613281
1225	9.545881271362305
1226	9.655835151672363
1227	9.60151195526123
1228	9.55118465423584
1229	9.711189270019531
1230	9.685099601745605
1231	9.577962875366211
1232	9.546440124511719
1233	9.662398338317871
1234	9.73184585571289
1235	9.567553520202637
1236	9.657048225402832
1237	9.754150390625
1238	9.701727867126465
1239	10.068196296691895
1240	10.023706436157227
1241	9.981924057006836
1242	9.959935188293457
1243	9.828592300415039
1244	10.011893272399902
1245	9.71159839630127
1246	9.752859115600586
1247	9.893468856811523
1248	9.966459274291992
1249	9.868715286254883
1250	9.767605781555176
1251	9.779240608215332
1252	9.820414543151855
1253	9.8214750289917
1254	10.064891815185547
1255	10.0518798828125
1256	9.993542671203613
1257	10.137511253356934
1258	9.994851112365723
1259	9.884970664978027
1260	9.803258895874023
1261	10.050403594970703
1262	9.859339714050293
1263	10.084360122680664
1264	10.1016845703125
1265	10.362641334533691
1266	10.128668785095215
1267	10.171591758728027
1268	9.897120475769043
1269	9.806427001953125
1270	10.13856029510498
1271	9.982284545898438
1272	9.942790985107422
1273	10.113127708435059
1274	10.051863670349121
1275	9.953924179077148
1276	10.03493881225586
1277	9.912580490112305
1278	9.982216835021973
1279	10.069977760314941
1280	10.025915145874023
1281	10.082536697387695
1282	9.989150047302246
1283	9.750746726989746
1284	9.978248596191406
1285	9.889434814453125
1286	9.869118690490723
1287	10.086273193359375
1288	9.922964096069336
1289	9.99172592163086
1290	9.914388656616211
1291	9.90949535369873
1292	10.095027923583984
1293	9.879584312438965
1294	10.163678169250488
1295	9.886330604553223
1296	9.993736267089844
1297	9.885018348693848
1298	9.912217140197754
1299	9.939987182617188
1300	9.896294593811035
1301	9.986321449279785
1302	9.920646667480469
1303	9.930074691772461
1304	9.979825973510742
1305	9.963244438171387
1306	9.822468757629395
1307	9.9991455078125
1308	10.010946273803711
1309	10.075201988220215
1310	9.986340522766113
1311	9.968205451965332
1312	9.853769302368164
1313	9.615779876708984
1314	9.740787506103516
1315	9.826671600341797
1316	10.025928497314453
1317	9.881052017211914
1318	9.967146873474121
1319	10.020263671875
1320	9.955503463745117
1321	9.885717391967773
1322	9.829146385192871
1323	9.847217559814453
1324	9.898128509521484
1325	10.001973152160645
1326	9.957530975341797
1327	9.980571746826172
1328	10.017579078674316
1329	9.96878719329834
1330	10.154314994812012
1331	9.976879119873047
1332	9.99987506866455
1333	10.064040184020996
1334	10.073848724365234
1335	10.025609016418457
1336	10.05271053314209
1337	10.219557762145996
1338	10.242380142211914
1339	10.177186965942383
1340	9.97883415222168
1341	10.088189125061035
1342	10.238615989685059
1343	10.137128829956055
1344	10.151765823364258
1345	10.051759719848633
1346	10.073444366455078
1347	10.095762252807617
1348	9.942184448242188
1349	10.1210298538208
1350	10.199265480041504
1351	10.051185607910156
1352	9.809489250183105
1353	9.953544616699219
1354	10.145880699157715
1355	10.003238677978516
1356	9.905708312988281
1357	9.906867980957031
1358	10.03752613067627
1359	9.883420944213867
1360	10.153465270996094
1361	10.072883605957031
1362	9.986348152160645
1363	9.901333808898926
1364	9.995874404907227
1365	9.954617500305176
1366	10.188769340515137
1367	10.00346565246582
1368	10.010819435119629
1369	9.955657958984375
1370	10.05177116394043
1371	9.865094184875488
1372	9.812049865722656
1373	9.941130638122559
1374	10.153173446655273
1375	9.996959686279297
1376	10.080426216125488
1377	10.046541213989258
1378	9.97576904296875
1379	9.91896915435791
1380	9.943015098571777
1381	9.99494743347168
1382	9.920059204101563
1383	10.080680847167969
1384	10.08426570892334
1385	10.372150421142578
1386	10.172110557556152
1387	9.869850158691406
1388	9.9553861618042
1389	9.954346656799316
1390	9.8734769821167
1391	9.976789474487305
1392	9.994133949279785
1393	10.045577049255371
1394	9.968896865844727
1395	10.022393226623535
1396	10.012388229370117
1397	9.919157981872559
1398	9.927284240722656
1399	10.047210693359375
1400	9.983138084411621
1401	10.076066017150879
1402	10.0308256149292
1403	10.131121635437012
1404	10.094847679138184
1405	10.049869537353516
1406	10.063156127929688
1407	9.984301567077637
1408	10.05309772491455
1409	10.035177230834961
1410	9.939837455749512
1411	10.105168342590332
1412	10.196467399597168
1413	10.113846778869629
1414	10.127220153808594
1415	10.132010459899902
1416	10.09184455871582
1417	10.056299209594727
1418	10.158649444580078
1419	10.091400146484375
1420	10.072847366333008
1421	9.889439582824707
1422	10.036391258239746
1423	10.047340393066406
1424	9.954318046569824
1425	9.87666130065918
1426	10.090906143188477
1427	9.897611618041992
1428	9.909139633178711
1429	10.119638442993164
1430	10.109580993652344
1431	10.096940994262695
1432	10.09524154663086
1433	10.105582237243652
1434	10.127455711364746
1435	10.108505249023438
1436	10.090938568115234
1437	9.6625394821167
1438	9.93703842163086
1439	10.033032417297363
1440	9.933926582336426
1441	9.95997142791748
1442	9.970953941345215
1443	10.110230445861816
1444	10.184453010559082
1445	10.143086433410645
1446	10.136075973510742
1447	10.18395709991455
1448	9.915367126464844
1449	9.977978706359863
1450	9.84136962890625
1451	10.0856294631958
1452	9.931321144104004
1453	9.940544128417969
1454	9.921761512756348
1455	10.030167579650879
1456	10.025146484375
1457	9.948955535888672
1458	9.993825912475586
1459	10.27954387664795
1460	10.094508171081543
1461	9.82080078125
1462	10.011772155761719
1463	9.938739776611328
1464	10.074250221252441
1465	10.010165214538574
1466	10.176186561584473
1467	10.116514205932617
1468	10.147098541259766
1469	10.040796279907227
1470	10.083366394042969
1471	10.071370124816895
1472	10.070172309875488
1473	10.072314262390137
1474	10.06152057647705
1475	9.829598426818848
1476	10.018244743347168
1477	9.979158401489258
1478	9.887307167053223
1479	9.946402549743652
1480	10.209403991699219
1481	9.933324813842773
1482	9.811614036560059
1483	9.925944328308105
1484	9.984809875488281
1485	9.857707977294922
1486	10.103363037109375
1487	9.856672286987305
1488	10.11570930480957
1489	9.953333854675293
1490	10.037834167480469
1491	10.127964973449707
1492	10.140871047973633
1493	10.050488471984863
1494	9.910359382629395
1495	9.865667343139648
1496	9.974926948547363
1497	9.857844352722168
1498	9.808732032775879
1499	9.783295631408691
1500	9.741607666015625
1501	9.806105613708496
1502	9.931931495666504
1503	9.786853790283203
1504	10.161137580871582
1505	10.095611572265625
1506	10.383306503295898
1507	10.047398567199707
1508	10.143012046813965
1509	10.067057609558105
1510	9.909836769104004
1511	9.83358097076416
1512	9.92361068725586
1513	9.99098014831543
1514	9.805977821350098
1515	9.841998100280762
1516	9.87802505493164
1517	9.87863540649414
1518	9.97043228149414
1519	9.818778991699219
1520	9.953810691833496
1521	9.796109199523926
1522	9.99158763885498
1523	9.921238899230957
1524	9.841341972351074
1525	9.966933250427246
1526	10.181706428527832
1527	9.96741008758545
1528	9.995553016662598
1529	10.094721794128418
1530	10.199838638305664
1531	9.940788269042969
1532	9.8934326171875
1533	9.894248962402344
1534	9.987375259399414
1535	9.901747703552246
1536	10.023632049560547
1537	9.879067420959473
1538	10.016561508178711
1539	9.957894325256348
1540	9.876663208007813
1541	9.837226867675781
1542	9.798409461975098
1543	9.713022232055664
1544	9.817503929138184
1545	9.86450481414795
1546	9.820910453796387
1547	9.859663963317871
1548	9.89141845703125
1549	10.043217658996582
1550	10.100761413574219
1551	10.069722175598145
1552	9.972648620605469
1553	9.848198890686035
1554	9.87895393371582
1555	9.847484588623047
1556	9.862946510314941
1557	9.839435577392578
1558	9.896871566772461
1559	9.8341703414917
1560	9.937291145324707
1561	9.972983360290527
1562	10.16408634185791
1563	10.172567367553711
1564	10.072347640991211
1565	9.781725883483887
1566	9.954864501953125
1567	9.828524589538574
1568	9.928666114807129
1569	10.044234275817871
1570	10.044095993041992
1571	10.242606163024902
1572	10.065132141113281
1573	10.112046241760254
1574	9.970725059509277
1575	9.946473121643066
1576	10.074728965759277
1577	10.03481388092041
1578	9.980968475341797
1579	10.008834838867188
1580	9.837885856628418
1581	9.887619018554688
1582	9.91613483428955
1583	9.974417686462402
1584	9.90709400177002
1585	9.891519546508789
1586	10.302047729492188
1587	10.191481590270996
1588	10.147231101989746
1589	10.043844223022461
1590	9.803118705749512
1591	10.070099830627441
1592	10.09936237335205
1593	9.96550464630127
1594	9.904603958129883
1595	9.934977531433105
1596	9.860552787780762
1597	9.785357475280762
1598	9.889721870422363
1599	9.972787857055664
1600	10.035514831542969
1601	9.985865592956543
1602	9.983582496643066
1603	9.908953666687012
1604	10.18492317199707
1605	10.142534255981445
1606	10.074553489685059
1607	10.072280883789063
1608	10.230748176574707
1609	10.151076316833496
1610	10.165679931640625
1611	10.061589241027832
1612	10.003565788269043
1613	9.952726364135742
1614	9.850809097290039
1615	10.030126571655273
1616	10.04030704498291
1617	10.031360626220703
1618	9.863789558410645
1619	10.0086088180542
1620	9.942925453186035
1621	10.104430198669434
1622	10.01982307434082
1623	9.841043472290039
1624	9.922805786132813
1625	10.055013656616211
1626	10.166851997375488
1627	10.076376914978027
1628	9.989441871643066
1629	10.1873779296875
1630	9.958819389343262
1631	9.991443634033203
1632	9.93021297454834
1633	9.9774751663208
1634	10.088889122009277
1635	9.937289237976074
1636	9.971068382263184
1637	9.913578033447266
1638	10.051532745361328
1639	10.085322380065918
1640	9.984889030456543
1641	9.97589111328125
1642	9.948741912841797
1643	9.997129440307617
1644	9.772054672241211
1645	9.771310806274414
1646	9.858709335327148
1647	9.931164741516113
1648	10.047554969787598
1649	10.11633014678955
1650	10.18923282623291
1651	10.219949722290039
1652	10.218317985534668
1653	10.126198768615723
1654	10.131072998046875
1655	10.121186256408691
1656	10.178576469421387
1657	10.063624382019043
1658	10.029613494873047
1659	9.819279670715332
1660	10.013361930847168
1661	9.844515800476074
1662	9.953607559204102
1663	9.97060489654541
1664	10.088312149047852
1665	9.97252082824707
1666	10.022775650024414
1667	10.189000129699707
1668	9.894841194152832
1669	9.93327522277832
1670	10.01136589050293
1671	9.879350662231445
1672	9.892178535461426
1673	9.983381271362305
1674	9.982645988464355
1675	9.980937957763672
1676	9.881623268127441
1677	10.07413387298584
1678	9.994278907775879
1679	9.961417198181152
1680	10.066126823425293
1681	10.009012222290039
1682	10.008610725402832
1683	10.062299728393555
1684	10.05311107635498
1685	10.192673683166504
1686	10.085455894470215
1687	9.893911361694336
1688	9.92113208770752
1689	10.004764556884766
1690	9.985940933227539
1691	10.010428428649902
1692	10.126269340515137
1693	10.118453025817871
1694	9.96075439453125
1695	10.049026489257813
1696	10.021492004394531
1697	9.933066368103027
1698	9.918045997619629
1699	10.023728370666504
1700	9.920353889465332
1701	9.797131538391113
1702	9.999832153320313
1703	10.021634101867676
1704	9.894082069396973
1705	9.868186950683594
1706	9.980132102966309
1707	9.878747940063477
1708	9.891008377075195
1709	9.909125328063965
1710	10.084222793579102
1711	9.84456729888916
1712	9.831127166748047
1713	10.091867446899414
1714	9.914326667785645
1715	9.861241340637207
1716	9.85070514678955
1717	10.041646957397461
1718	10.115875244140625
1719	9.979253768920898
1720	10.0398530960083
1721	9.8458890914917
1722	9.869071006774902
1723	9.921950340270996
1724	9.847068786621094
1725	9.840937614440918
1726	9.834161758422852
1727	9.910367012023926
1728	9.825576782226563
1729	9.900704383850098
1730	9.66347885131836
1731	9.808114051818848
1732	9.962503433227539
1733	10.045047760009766
1734	9.888007164001465
1735	9.93011474609375
1736	9.897698402404785
1737	10.051972389221191
1738	10.148855209350586
1739	10.059167861938477
1740	9.970207214355469
1741	10.20462417602539
1742	10.010050773620605
1743	10.007071495056152
1744	10.174519538879395
1745	10.124031066894531
1746	10.120560646057129
1747	10.204328536987305
1748	10.10634708404541
1749	9.957863807678223
1750	9.871355056762695
1751	9.891668319702148
1752	9.916234970092773
1753	10.091721534729004
1754	10.008964538574219
1755	9.997316360473633
1756	10.08163833618164
1757	10.081558227539063
1758	10.01794719696045
1759	10.106682777404785
1760	10.316676139831543
1761	10.190572738647461
1762	10.173727989196777
1763	10.227909088134766
1764	9.966511726379395
1765	10.108509063720703
1766	10.042380332946777
1767	9.79448413848877
1768	9.817564010620117
1769	9.82049560546875
1770	9.764291763305664
1771	9.798786163330078
1772	9.928399085998535
1773	10.161590576171875
1774	9.956818580627441
1775	9.72939395904541
1776	9.866230964660645
1777	10.002141952514648
1778	10.034852981567383
1779	10.070384979248047
1780	10.12474250793457
1781	10.177375793457031
1782	10.291230201721191
1783	10.178689956665039
1784	10.006871223449707
1785	10.150588035583496
1786	10.092695236206055
1787	10.265271186828613
1788	10.087629318237305
1789	10.199544906616211
1790	9.85880184173584
1791	10.214346885681152
1792	10.263538360595703
1793	10.12532901763916
1794	10.135685920715332
1795	9.922021865844727
1796	10.159723281860352
1797	9.997947692871094
1798	10.129056930541992
1799	10.089784622192383
1800	10.292644500732422
1801	10.066888809204102
1802	9.984699249267578
1803	9.828852653503418
1804	10.026857376098633
1805	10.026986122131348
1806	9.987480163574219
1807	10.048410415649414
1808	10.167143821716309
1809	10.110818862915039
1810	9.841221809387207
1811	10.025190353393555
1812	9.929810523986816
1813	10.007491111755371
1814	10.126399040222168
1815	10.008793830871582
1816	10.165091514587402
1817	10.146830558776855
1818	9.949962615966797
1819	10.052754402160645
1820	10.317360877990723
1821	10.113851547241211
1822	10.01677417755127
1823	10.215363502502441
1824	10.352519989013672
1825	10.191389083862305
1826	10.166797637939453
1827	10.090642929077148
1828	10.260150909423828
1829	10.34223461151123
1830	10.177948951721191
1831	10.047162055969238
1832	10.127776145935059
1833	10.051347732543945
1834	10.117254257202148
1835	10.30074691772461
1836	10.191681861877441
1837	10.298412322998047
1838	10.264813423156738
1839	10.22037410736084
1840	10.029616355895996
1841	10.124208450317383
1842	10.103023529052734
1843	9.922486305236816
1844	9.892660140991211
1845	9.848058700561523
1846	9.900810241699219
1847	9.790060997009277
1848	9.875831604003906
1849	9.792723655700684
1850	9.854000091552734
1851	9.930167198181152
1852	9.787370681762695
1853	10.002769470214844
1854	9.76444149017334
1855	9.778636932373047
1856	9.860626220703125
1857	10.045409202575684
1858	9.827590942382813
1859	9.865007400512695
1860	9.671808242797852
1861	9.794903755187988
1862	9.881609916687012
1863	9.87744426727295
1864	9.898637771606445
1865	9.879383087158203
1866	9.985503196716309
1867	10.317801475524902
1868	10.04483699798584
1869	10.105483055114746
1870	10.069944381713867
1871	10.01195240020752
1872	10.013340950012207
1873	10.142570495605469
1874	9.929678916931152
1875	10.319835662841797
1876	10.201488494873047
1877	10.257048606872559
1878	10.198090553283691
1879	10.101163864135742
1880	10.057547569274902
1881	10.228013038635254
1882	10.336691856384277
1883	10.042157173156738
1884	10.229864120483398
1885	10.146950721740723
1886	10.205513000488281
1887	10.300066947937012
1888	10.548060417175293
1889	10.23215103149414
1890	10.137978553771973
1891	10.086023330688477
1892	9.969254493713379
1893	9.827947616577148
1894	9.755075454711914
1895	9.795849800109863
1896	9.84093189239502
1897	9.916606903076172
1898	10.009486198425293
1899	9.96198844909668
1900	9.837736129760742
1901	9.888538360595703
1902	9.937281608581543
1903	9.806876182556152
1904	9.877382278442383
1905	9.794880867004395
1906	10.050204277038574
1907	10.064875602722168
1908	9.956249237060547
1909	9.775005340576172
1910	9.860363006591797
1911	9.855743408203125
1912	9.79712963104248
1913	9.88121509552002
1914	10.038002014160156
1915	9.886587142944336
1916	9.961272239685059
1917	10.16926383972168
1918	10.060150146484375
1919	9.824429512023926
1920	9.87407398223877
1921	9.76250171661377
1922	9.94524097442627
1923	10.103801727294922
1924	9.836819648742676
1925	9.885772705078125
1926	9.90163516998291
1927	9.929006576538086
1928	10.017871856689453
1929	10.022236824035645
1930	10.026233673095703
1931	9.936578750610352
1932	10.023683547973633
1933	9.98737907409668
1934	9.919750213623047
1935	9.910185813903809
1936	9.921243667602539
1937	9.897871017456055
1938	10.149619102478027
1939	10.002989768981934
1940	9.930581092834473
1941	9.869172096252441
1942	9.84536361694336
1943	9.938748359680176
1944	10.04555892944336
1945	10.042417526245117
1946	9.980744361877441
1947	9.888928413391113
1948	9.897110939025879
1949	9.709368705749512
1950	9.798565864562988
1951	9.948318481445313
1952	9.984407424926758
1953	9.857098579406738
1954	9.806316375732422
1955	9.876208305358887
1956	9.920769691467285
1957	10.17746353149414
1958	9.999096870422363
1959	10.020283699035645
1960	9.870692253112793
1961	10.0798921585083
1962	10.000640869140625
1963	10.132011413574219
1964	10.030868530273438
1965	9.90066909790039
1966	9.754145622253418
1967	9.967008590698242
1968	9.885090827941895
1969	9.796717643737793
1970	9.96058177947998
1971	9.84893798828125
1972	9.746500015258789
1973	9.978642463684082
1974	9.785879135131836
1975	9.949864387512207
1976	10.074893951416016
1977	9.925960540771484
1978	10.022560119628906
1979	10.003767967224121
1980	9.820934295654297
1981	9.997335433959961
1982	9.878945350646973
1983	9.94339656829834
1984	9.853875160217285
1985	10.010594367980957
1986	10.066286087036133
1987	10.083772659301758
1988	9.801667213439941
1989	9.906431198120117
1990	10.029766082763672
1991	10.002829551696777
1992	9.987640380859375
1993	9.920931816101074
1994	9.801773071289063
1995	9.95775032043457
1996	10.054280281066895
1997	10.020824432373047
1998	10.122584342956543
1999	9.90442943572998
2000	9.87001895904541
2001	9.966928482055664
2002	10.020003318786621
2003	9.95046329498291
2004	9.812621116638184
2005	10.012323379516602
2006	9.838000297546387
2007	10.109479904174805
2008	10.006656646728516
2009	10.067012786865234
2010	9.843605041503906
2011	9.885026931762695
2012	9.990896224975586
2013	9.977667808532715
2014	10.05525016784668
2015	10.103790283203125
2016	10.123597145080566
2017	10.27499771118164
2018	10.104705810546875
2019	9.932721138000488
2020	10.130961418151855
2021	10.112845420837402
2022	10.178319931030273
2023	9.969781875610352
2024	9.976081848144531
2025	10.072623252868652
2026	10.330073356628418
2027	10.09276008605957
2028	10.055424690246582
2029	10.221437454223633
2030	10.077580451965332
2031	9.89696979522705
2032	10.084790229797363
2033	10.23801326751709
2034	10.082475662231445
2035	10.140582084655762
2036	10.147801399230957
2037	10.254876136779785
2038	10.225139617919922
2039	10.148882865905762
2040	10.276288032531738
2041	10.152112007141113
2042	10.211965560913086
2043	10.217209815979004
2044	10.192353248596191
2045	9.999563217163086
2046	10.110602378845215
2047	10.046636581420898
2048	9.954854011535645
2049	10.116013526916504
2050	10.137810707092285
2051	10.191571235656738
2052	10.140978813171387
2053	10.293810844421387
2054	10.177654266357422
2055	10.304177284240723
2056	10.208684921264648
2057	10.057284355163574
2058	10.106884956359863
2059	10.246362686157227
2060	10.050817489624023
2061	10.030025482177734
2062	10.2151460647583
2063	10.06322956085205
2064	10.316383361816406
2065	10.20003890991211
2066	10.28176212310791
2067	10.082682609558105
2068	10.14164924621582
2069	10.205887794494629
2070	10.094292640686035
2071	10.239656448364258
2072	10.268117904663086
2073	10.143213272094727
2074	9.950342178344727
2075	10.093805313110352
2076	10.076434135437012
2077	10.009593963623047
2078	10.060144424438477
2079	10.064308166503906
2080	9.92068099975586
2081	10.019743919372559
2082	10.014480590820313
2083	9.884623527526855
2084	10.024245262145996
2085	10.118719100952148
2086	10.072275161743164
2087	9.922220230102539
2088	9.843554496765137
2089	10.245492935180664
2090	10.144686698913574
2091	10.094443321228027
2092	10.117118835449219
2093	10.085948944091797
2094	10.227685928344727
2095	10.093584060668945
2096	10.10183334350586
2097	10.251199722290039
2098	10.09638786315918
2099	10.065291404724121
2100	10.299945831298828
2101	10.014496803283691
2102	10.010157585144043
2103	10.086074829101563
2104	9.973457336425781
2105	9.982915878295898
2106	10.026128768920898
2107	10.133594512939453
2108	10.301610946655273
2109	10.307127952575684
2110	10.22008228302002
2111	10.234314918518066
2112	10.233349800109863
2113	10.292702674865723
2114	10.183892250061035
2115	10.341987609863281
2116	10.181982040405273
2117	10.262939453125
2118	10.36948299407959
2119	10.08340072631836
2120	10.05402660369873
2121	10.104986190795898
2122	10.119704246520996
2123	10.208871841430664
2124	10.207169532775879
2125	10.148062705993652
2126	10.087084770202637
2127	10.185070037841797
2128	9.975164413452148
2129	9.989971160888672
2130	9.891839981079102
2131	9.934988021850586
2132	9.944372177124023
2133	10.114168167114258
2134	10.136637687683105
2135	10.063589096069336
2136	10.074908256530762
2137	9.99207592010498
2138	9.994847297668457
2139	9.990967750549316
2140	10.027670860290527
2141	10.027958869934082
2142	10.018343925476074
2143	10.051109313964844
2144	9.984746932983398
2145	10.22730541229248
2146	10.128533363342285
2147	10.045866966247559
2148	9.963423728942871
2149	10.001835823059082
2150	10.061094284057617
2151	10.097881317138672
2152	10.063186645507813
2153	10.042284965515137
2154	10.20150375366211
2155	10.168597221374512
2156	10.22968578338623
2157	10.365044593811035
2158	10.212127685546875
2159	10.155255317687988
2160	10.073006629943848
2161	10.344389915466309
2162	10.274170875549316
2163	10.198572158813477
2164	10.200940132141113
2165	10.234643936157227
2166	10.303455352783203
2167	10.188544273376465
2168	10.204703330993652
2169	9.91905689239502
2170	10.094781875610352
2171	10.011183738708496
2172	10.038734436035156
2173	10.136404991149902
2174	10.110604286193848
2175	9.967658042907715
2176	10.075586318969727
2177	10.229585647583008
2178	10.350724220275879
2179	9.93830680847168
2180	10.059280395507813
2181	9.955436706542969
2182	10.102139472961426
2183	10.222953796386719
2184	10.191539764404297
2185	10.274920463562012
2186	10.276290893554688
2187	10.24390983581543
2188	10.45407772064209
2189	10.396580696105957
2190	10.317240715026855
2191	10.223258972167969
2192	10.30395793914795
2193	10.492532730102539
2194	10.323285102844238
2195	10.295825958251953
2196	10.470741271972656
2197	10.403250694274902
2198	10.6614351272583
2199	10.68961238861084
2200	10.665473937988281
2201	10.753122329711914
2202	10.646064758300781
2203	10.415003776550293
2204	10.552396774291992
2205	10.462851524353027
2206	10.498366355895996
2207	10.310469627380371
2208	10.90346622467041
2209	10.69174575805664
2210	10.707282066345215
2211	10.777600288391113
2212	10.652338981628418
2213	10.562666893005371
2214	10.557103157043457
2215	10.812471389770508
2216	11.0820894241333
2217	11.13906192779541
2218	10.960511207580566
2219	10.937363624572754
2220	10.874985694885254
2221	10.930158615112305
2222	10.989509582519531
2223	11.163520812988281
2224	11.190019607543945
2225	11.285566329956055
2226	11.306333541870117
2227	11.46450424194336
2228	11.356437683105469
2229	10.98905086517334
2230	11.020530700683594
2231	10.939896583557129
2232	11.144004821777344
2233	11.095136642456055
2234	11.228982925415039
2235	11.084537506103516
2236	11.293658256530762
2237	11.288342475891113
2238	11.036678314208984
2239	10.869203567504883
2240	11.117696762084961
2241	10.95170783996582
2242	11.142834663391113
2243	11.435384750366211
2244	11.49348258972168
2245	11.31291389465332
2246	11.308899879455566
2247	11.269628524780273
2248	11.3949613571167
2249	11.345589637756348
2250	11.298093795776367
2251	11.437990188598633
2252	11.432640075683594
2253	11.415629386901855
2254	11.435407638549805
2255	11.349295616149902
2256	11.292963981628418
2257	11.183074951171875
2258	11.101433753967285
2259	11.309491157531738
2260	11.32597541809082
2261	11.411327362060547
2262	11.239264488220215
2263	11.443089485168457
2264	11.110546112060547
2265	11.198152542114258
2266	11.246079444885254
2267	11.27501106262207
2268	11.403558731079102
2269	11.112959861755371
2270	11.259305000305176
2271	11.176605224609375
2272	11.427862167358398
2273	11.33670711517334
2274	11.493389129638672
2275	11.379349708557129
2276	11.320463180541992
2277	11.560588836669922
2278	11.653901100158691
2279	11.361705780029297
2280	11.18440055847168
2281	11.299661636352539
2282	11.217731475830078
2283	11.130615234375
2284	11.283184051513672
2285	11.419351577758789
2286	11.391120910644531
2287	11.437434196472168
2288	11.566427230834961
2289	11.546577453613281
2290	11.412700653076172
2291	11.423160552978516
2292	11.362054824829102
2293	11.532820701599121
2294	11.52914810180664
2295	11.542447090148926
2296	11.47917652130127
2297	11.58132266998291
2298	11.420900344848633
2299	11.609771728515625
2300	11.503313064575195
2301	11.383734703063965
2302	11.263850212097168
2303	11.62112045288086
2304	11.732277870178223
2305	11.63254165649414
2306	11.47614860534668
2307	11.615427017211914
2308	11.64942741394043
2309	11.700445175170898
2310	11.783792495727539
2311	11.745368003845215
2312	11.684293746948242
2313	11.730781555175781
2314	11.588615417480469
2315	11.820030212402344
2316	11.807652473449707
2317	11.774482727050781
2318	11.577672004699707
2319	11.569718360900879
2320	11.51636028289795
2321	11.560397148132324
2322	11.62265396118164
2323	11.489598274230957
2324	11.497498512268066
2325	11.219337463378906
2326	11.427485466003418
2327	11.474825859069824
2328	11.385828018188477
2329	11.631781578063965
2330	11.452126502990723
2331	11.261956214904785
2332	11.408942222595215
2333	11.342290878295898
2334	11.51360034942627
2335	11.560842514038086
2336	11.4597749710083
2337	11.43168830871582
2338	11.401251792907715
2339	11.563227653503418
2340	11.421721458435059
2341	11.375446319580078
2342	11.474157333374023
2343	11.4671630859375
2344	11.664955139160156
2345	11.399717330932617
2346	11.430013656616211
2347	11.516437530517578
2348	11.49652099609375
2349	11.494577407836914
2350	11.57840347290039
2351	11.549627304077148
2352	11.593392372131348
2353	11.436368942260742
2354	11.482460975646973
2355	11.470532417297363
2356	11.540675163269043
2357	11.517346382141113
2358	11.711186408996582
2359	11.739605903625488
2360	11.627166748046875
2361	11.66028881072998
2362	11.876815795898438
2363	11.581284523010254
2364	11.427932739257813
2365	11.380661010742188
2366	11.512972831726074
2367	11.463879585266113
2368	11.462367057800293
2369	11.48668384552002
2370	11.444050788879395
2371	11.30408000946045
2372	11.501543998718262
2373	11.578621864318848
2374	11.468968391418457
2375	11.433290481567383
2376	11.464897155761719
2377	11.655969619750977
2378	11.939817428588867
2379	11.71712589263916
2380	11.670219421386719
2381	11.659650802612305
2382	11.629494667053223
2383	11.688154220581055
2384	11.708660125732422
2385	11.546238899230957
2386	11.4785795211792
2387	11.313570976257324
2388	11.498075485229492
2389	11.556336402893066
2390	11.729408264160156
2391	11.552236557006836
2392	11.701196670532227
2393	11.575034141540527
2394	11.768009185791016
2395	11.878814697265625
2396	11.716390609741211
2397	11.747334480285645
2398	11.84237289428711
2399	11.866479873657227
2400	11.793368339538574
2401	11.766901969909668
2402	11.569770812988281
2403	11.436180114746094
2404	11.537452697753906
2405	11.592889785766602
2406	11.576873779296875
2407	11.32412338256836
2408	11.375941276550293
2409	11.365195274353027
2410	11.367520332336426
2411	11.40410041809082
2412	11.546893119812012
2413	11.593668937683105
2414	11.638778686523438
2415	11.537300109863281
2416	11.710787773132324
2417	11.567889213562012
2418	11.453369140625
2419	11.644207954406738
2420	11.723857879638672
2421	11.715505599975586
2422	11.630008697509766
2423	11.726516723632813
2424	11.759572982788086
2425	11.735566139221191
2426	11.565535545349121
2427	11.743358612060547
2428	11.66834831237793
2429	11.676309585571289
2430	11.547379493713379
2431	11.609762191772461
2432	11.637537956237793
2433	11.428460121154785
2434	11.488059043884277
2435	11.577853202819824
2436	11.653846740722656
2437	11.700411796569824
2438	11.546615600585938
2439	11.336627960205078
2440	11.292803764343262
2441	11.384553909301758
2442	11.356925010681152
2443	11.300874710083008
2444	11.38906478881836
2445	11.384188652038574
2446	11.295994758605957
2447	11.322105407714844
2448	11.6505126953125
2449	11.288957595825195
2450	11.473836898803711
2451	11.352911949157715
2452	11.407953262329102
2453	11.461740493774414
2454	11.588142395019531
2455	11.59093189239502
2456	11.696118354797363
2457	11.79711627960205
2458	11.628436088562012
2459	11.442431449890137
2460	11.346436500549316
2461	11.321332931518555
2462	11.150139808654785
2463	11.267293930053711
2464	11.088118553161621
2465	11.128795623779297
2466	11.258158683776855
2467	11.031522750854492
2468	10.88179874420166
2469	11.163460731506348
2470	11.065686225891113
2471	10.836753845214844
2472	11.095680236816406
2473	10.954168319702148
2474	10.938522338867188
2475	11.084112167358398
2476	10.894979476928711
2477	11.099312782287598
2478	11.351151466369629
2479	11.315688133239746
2480	11.39773178100586
2481	11.189351081848145
2482	11.263132095336914
2483	11.254226684570313
2484	11.381312370300293
2485	11.365052223205566
2486	11.349912643432617
2487	11.117332458496094
2488	11.13375473022461
2489	10.99181842803955
2490	11.087393760681152
2491	11.262312889099121
2492	11.19120979309082
2493	11.268950462341309
2494	11.325779914855957
2495	11.536593437194824
2496	11.338254928588867
2497	11.423057556152344
2498	11.175101280212402
2499	11.225515365600586
2500	11.119044303894043
2501	11.122529983520508
2502	10.951034545898438
2503	11.050378799438477
2504	11.313806533813477
2505	11.157866477966309
2506	11.100961685180664
2507	11.106117248535156
2508	11.093526840209961
2509	11.224283218383789
2510	11.137956619262695
2511	11.1497802734375
2512	11.316895484924316
2513	11.323381423950195
2514	11.344225883483887
2515	11.224701881408691
2516	11.188240051269531
2517	11.318502426147461
2518	11.290511131286621
2519	11.39121150970459
2520	11.174483299255371
2521	11.317188262939453
2522	11.258256912231445
2523	11.194610595703125
2524	11.317159652709961
2525	11.240267753601074
2526	11.125688552856445
2527	11.370208740234375
2528	11.303563117980957
2529	11.320019721984863
2530	11.108860969543457
2531	11.321593284606934
2532	11.270440101623535
2533	11.197285652160645
2534	11.17832088470459
2535	11.414006233215332
2536	11.20178508758545
2537	11.137296676635742
2538	11.379846572875977
2539	11.495933532714844
2540	11.543539047241211
2541	11.335259437561035
2542	11.348161697387695
2543	11.35431957244873
2544	11.508719444274902
2545	11.586721420288086
2546	11.534833908081055
2547	11.444278717041016
2548	11.44133472442627
2549	11.351784706115723
2550	11.401756286621094
2551	11.290570259094238
2552	11.197196006774902
2553	11.125872611999512
2554	11.29222297668457
2555	11.499700546264648
2556	11.180909156799316
2557	11.219246864318848
2558	11.436644554138184
2559	11.632845878601074
2560	11.542457580566406
2561	11.44270133972168
2562	11.407820701599121
2563	11.374163627624512
2564	11.571393013000488
2565	11.542929649353027
2566	11.425673484802246
2567	11.388504981994629
2568	11.405601501464844
2569	11.425663948059082
2570	11.53763484954834
2571	11.377184867858887
2572	11.387086868286133
2573	11.50440502166748
2574	11.517034530639648
2575	11.246671676635742
2576	11.320730209350586
2577	11.645368576049805
2578	11.410385131835938
2579	11.529207229614258
2580	11.353668212890625
2581	11.383942604064941
2582	11.476765632629395
2583	11.58010196685791
2584	11.801587104797363
2585	11.622782707214355
2586	11.615508079528809
2587	11.618696212768555
2588	11.644743919372559
2589	11.480088233947754
2590	11.55070972442627
2591	11.815045356750488
2592	11.650761604309082
2593	11.52560043334961
2594	11.434165954589844
2595	11.362199783325195
2596	11.46299934387207
2597	11.530221939086914
2598	11.372231483459473
2599	11.61224365234375
2600	11.541013717651367
2601	11.543354988098145
2602	11.689197540283203
2603	11.493167877197266
2604	11.48208999633789
2605	11.778901100158691
2606	11.589838027954102
2607	11.488265037536621
2608	11.51369571685791
2609	11.665905952453613
2610	11.40400505065918
2611	11.348459243774414
2612	11.418800354003906
2613	11.381823539733887
2614	11.240517616271973
2615	11.428971290588379
2616	11.462912559509277
2617	11.326102256774902
2618	11.274808883666992
2619	11.339659690856934
2620	11.155458450317383
2621	11.217741966247559
2622	11.106941223144531
2623	11.34517765045166
2624	11.440789222717285
2625	11.516990661621094
2626	11.549006462097168
2627	11.511363983154297
2628	11.37997055053711
2629	11.373945236206055
2630	11.51375961303711
2631	11.45751953125
2632	11.484834671020508
2633	11.608441352844238
2634	11.4663667678833
2635	11.23957633972168
2636	11.264626502990723
2637	11.283858299255371
2638	11.34463882446289
2639	11.182145118713379
2640	11.28908920288086
2641	11.316923141479492
2642	11.206053733825684
2643	11.17108154296875
2644	11.219722747802734
