Frame	Rg
0	10.410441398620605
1	10.410441398620605
2	10.328553199768066
3	10.299115180969238
4	10.288573265075684
5	10.32208251953125
6	10.349767684936523
7	10.35351848602295
8	10.321102142333984
9	10.31936264038086
10	10.257554054260254
11	10.307605743408203
12	10.32241439819336
13	10.329106330871582
14	10.332549095153809
15	10.298686027526855
16	10.329099655151367
17	10.27700424194336
18	10.38663101196289
19	10.312126159667969
20	10.387724876403809
21	10.430787086486816
22	10.357264518737793
23	10.341083526611328
24	10.41629409790039
25	10.426575660705566
26	10.411593437194824
27	10.309294700622559
28	10.367195129394531
29	10.346330642700195
30	10.435495376586914
31	10.430679321289063
32	10.46187686920166
33	10.358126640319824
34	10.519218444824219
35	10.401283264160156
36	10.42917537689209
37	10.43891429901123
38	10.627389907836914
39	10.562676429748535
40	10.537111282348633
41	10.512537002563477
42	10.594667434692383
43	10.525811195373535
44	10.471175193786621
45	10.659660339355469
46	10.53935718536377
47	10.583935737609863
48	10.405202865600586
49	10.541008949279785
50	10.47375202178955
51	10.83096694946289
52	10.662487983703613
53	10.875475883483887
54	11.048571586608887
55	11.06702709197998
56	10.752673149108887
57	10.840980529785156
58	10.926593780517578
59	10.9734468460083
60	10.920692443847656
61	10.646713256835938
62	10.789127349853516
63	10.812742233276367
64	10.96971321105957
65	10.793368339538574
66	10.918388366699219
67	10.483542442321777
68	10.680721282958984
69	10.775134086608887
70	10.880379676818848
71	11.103048324584961
72	11.115097999572754
73	10.965569496154785
74	11.132509231567383
75	11.162921905517578
76	11.256312370300293
77	11.29768180847168
78	10.927749633789063
79	10.93631362915039
80	11.071436882019043
81	10.947063446044922
82	11.044193267822266
83	11.12243938446045
84	11.103801727294922
85	11.073225975036621
86	11.075286865234375
87	11.154847145080566
88	11.161727905273438
89	11.002108573913574
90	11.128579139709473
91	11.039470672607422
92	10.98273754119873
93	10.977788925170898
94	11.109127044677734
95	11.042776107788086
96	10.958823204040527
97	10.955005645751953
98	10.668484687805176
99	10.743498802185059
100	10.672160148620605
101	10.601311683654785
102	10.743013381958008
103	10.674919128417969
104	10.668458938598633
105	10.584376335144043
106	10.588443756103516
107	10.590188026428223
108	10.603524208068848
109	10.486303329467773
110	10.458959579467773
111	10.563870429992676
112	10.498547554016113
113	10.341665267944336
114	10.760234832763672
115	10.623793601989746
116	10.626714706420898
117	10.729063034057617
118	10.705780029296875
119	10.688234329223633
120	10.757049560546875
121	10.623289108276367
122	10.573802947998047
123	10.626152038574219
124	10.585172653198242
125	10.65114688873291
126	10.649744987487793
127	10.492987632751465
128	10.578347206115723
129	10.585139274597168
130	10.659712791442871
131	10.726611137390137
132	10.672922134399414
133	10.776947021484375
134	10.674174308776855
135	10.44044017791748
136	10.40523624420166
137	10.555357933044434
138	10.691186904907227
139	10.585428237915039
140	10.813559532165527
141	10.662677764892578
142	10.538098335266113
143	10.458877563476563
144	10.356809616088867
145	10.304698944091797
146	10.21037769317627
147	10.40493106842041
148	10.35386848449707
149	10.494643211364746
150	10.432184219360352
151	10.353815078735352
152	10.390286445617676
153	10.336795806884766
154	10.487106323242188
155	10.638909339904785
156	10.486268997192383
157	10.548190116882324
158	10.58743667602539
159	10.62685775756836
160	10.743284225463867
161	10.434921264648438
162	10.353032112121582
163	10.265799522399902
164	10.607863426208496
165	10.360573768615723
166	10.305506706237793
167	10.256681442260742
168	10.100665092468262
169	10.171175003051758
170	10.294334411621094
171	10.236103057861328
172	10.385222434997559
173	10.553241729736328
174	10.405183792114258
175	10.26601791381836
176	10.485892295837402
177	10.28085708618164
178	10.253052711486816
179	10.408434867858887
180	10.203030586242676
181	10.139822959899902
182	10.315509796142578
183	10.265565872192383
184	10.296219825744629
185	10.237473487854004
186	10.214118003845215
187	10.330554962158203
188	10.107102394104004
189	10.191234588623047
190	10.226428985595703
191	10.208878517150879
192	10.104870796203613
193	10.265074729919434
194	10.130374908447266
195	10.161986351013184
196	10.170506477355957
197	10.450983047485352
198	10.61026382446289
199	10.639213562011719
200	10.667890548706055
201	10.428528785705566
202	10.706896781921387
203	10.601859092712402
204	10.603263854980469
205	10.811357498168945
206	10.655447959899902
207	10.492913246154785
208	10.68218994140625
209	10.480024337768555
210	10.572171211242676
211	10.702630996704102
212	10.47071647644043
213	10.528068542480469
214	10.761797904968262
215	10.626091003417969
216	10.989628791809082
217	10.785734176635742
218	10.77009391784668
219	10.770689964294434
220	10.829665184020996
221	10.690180778503418
222	10.637693405151367
223	10.746539115905762
224	10.697633743286133
225	10.597738265991211
226	10.387669563293457
227	10.377821922302246
228	10.443244934082031
229	10.391499519348145
230	10.582183837890625
231	10.670414924621582
232	10.570862770080566
233	10.523326873779297
234	10.56112003326416
235	10.458782196044922
236	10.415203094482422
237	10.354480743408203
238	10.561016082763672
239	10.207850456237793
240	10.287479400634766
241	10.174635887145996
242	10.177481651306152
243	10.16377067565918
244	10.135369300842285
245	10.145134925842285
246	10.442604064941406
247	10.163269996643066
248	10.294050216674805
249	10.28814697265625
250	10.18297290802002
251	10.402094841003418
252	10.236509323120117
253	10.363977432250977
254	10.4269380569458
255	10.236446380615234
256	10.21263313293457
257	10.412698745727539
258	10.33714771270752
259	10.275739669799805
260	10.239771842956543
261	10.113398551940918
262	10.092483520507813
263	10.195178985595703
264	10.135454177856445
265	10.457540512084961
266	10.406965255737305
267	10.428357124328613
268	10.597997665405273
269	10.572131156921387
270	10.406929969787598
271	10.293583869934082
272	10.244558334350586
273	10.609851837158203
274	10.362723350524902
275	10.430527687072754
276	10.439223289489746
277	10.514493942260742
278	10.465632438659668
279	10.266006469726563
280	10.327950477600098
281	10.449071884155273
282	10.508893966674805
283	10.58965015411377
284	10.533140182495117
285	10.686254501342773
286	10.501510620117188
287	10.631698608398438
288	10.694080352783203
289	10.511673927307129
290	10.509700775146484
291	10.499051094055176
292	10.529243469238281
293	10.38075065612793
294	10.490248680114746
295	10.636414527893066
296	10.420137405395508
297	10.341917037963867
298	10.382043838500977
299	10.266746520996094
300	10.412642478942871
301	10.29979419708252
302	10.525766372680664
303	10.459802627563477
304	10.4096040725708
305	10.573857307434082
306	10.398109436035156
307	10.49858570098877
308	10.554567337036133
309	10.396175384521484
310	10.363986015319824
311	10.508498191833496
312	10.606890678405762
313	10.793293952941895
314	10.633942604064941
315	10.589211463928223
316	10.608832359313965
317	10.85440731048584
318	10.37712287902832
319	10.449894905090332
320	10.193605422973633
321	10.38101577758789
322	10.376903533935547
323	10.141586303710938
324	10.25478458404541
325	10.163135528564453
326	10.281473159790039
327	10.272099494934082
328	10.23816204071045
329	10.230759620666504
330	10.196102142333984
331	10.430253982543945
332	10.253777503967285
333	10.19468879699707
334	10.117555618286133
335	10.221413612365723
336	10.197704315185547
337	10.157581329345703
338	10.27298641204834
339	10.248000144958496
340	10.038806915283203
341	10.245942115783691
342	10.285337448120117
343	10.106039047241211
344	10.248779296875
345	10.095894813537598
346	10.277092933654785
347	10.381723403930664
348	10.250432968139648
349	10.351555824279785
350	10.219894409179688
351	10.233304023742676
352	10.038252830505371
353	10.036762237548828
354	10.13680362701416
355	10.049694061279297
356	10.163018226623535
357	10.025627136230469
358	10.062193870544434
359	10.085363388061523
360	10.087735176086426
361	10.135727882385254
362	10.274821281433105
363	10.260180473327637
364	10.221748352050781
365	10.042194366455078
366	10.10791301727295
367	10.42750072479248
368	10.35107707977295
369	10.274177551269531
370	10.316574096679688
371	10.300291061401367
372	10.283288955688477
373	10.181450843811035
374	10.288957595825195
375	10.162284851074219
376	10.158997535705566
377	10.471000671386719
378	10.226125717163086
379	10.413407325744629
380	10.225101470947266
381	10.518131256103516
382	10.458250999450684
383	10.334531784057617
384	10.318105697631836
385	10.224322319030762
386	10.277230262756348
387	10.208849906921387
388	10.366487503051758
389	10.372154235839844
390	10.238231658935547
391	10.190069198608398
392	10.1537504196167
393	10.135109901428223
394	10.202683448791504
395	10.154699325561523
396	10.219454765319824
397	10.24925708770752
398	10.384611129760742
399	10.243206024169922
400	10.181163787841797
401	10.172964096069336
402	10.097536087036133
403	10.116127967834473
404	10.355781555175781
405	10.086657524108887
406	10.131299018859863
407	10.232353210449219
408	10.060772895812988
409	10.140364646911621
410	10.281157493591309
411	10.12594223022461
412	10.200823783874512
413	10.152142524719238
414	10.13262939453125
415	10.123066902160645
416	10.188139915466309
417	10.191100120544434
418	10.246744155883789
419	10.426243782043457
420	10.190512657165527
421	10.1703519821167
422	10.048337936401367
423	10.185806274414063
424	10.236824989318848
425	10.13619327545166
426	10.257501602172852
427	10.108482360839844
428	10.098597526550293
429	10.384644508361816
430	10.146366119384766
431	10.259407997131348
432	10.405969619750977
433	10.186439514160156
434	10.109635353088379
435	10.138230323791504
436	10.126118659973145
437	10.257564544677734
438	10.2594633102417
439	10.12174129486084
440	10.4523344039917
441	10.17011833190918
442	10.222925186157227
443	10.290470123291016
444	10.346885681152344
445	10.306241035461426
446	10.331865310668945
447	10.305960655212402
448	10.347403526306152
449	10.339395523071289
450	10.38288688659668
451	10.386350631713867
452	10.267528533935547
453	10.200852394104004
454	10.235750198364258
455	10.29719066619873
456	10.20805549621582
457	10.34611701965332
458	10.354208946228027
459	10.364973068237305
460	10.326197624206543
461	10.330443382263184
462	10.24251651763916
463	10.282483100891113
464	10.207813262939453
465	10.071550369262695
466	10.159890174865723
467	10.080280303955078
468	10.162884712219238
469	10.131210327148438
470	10.146065711975098
471	10.35142707824707
472	10.185328483581543
473	10.188068389892578
474	10.072305679321289
475	10.272907257080078
476	10.198725700378418
477	10.236617088317871
478	10.315230369567871
479	10.33509635925293
480	10.34808349609375
481	10.412773132324219
482	10.148552894592285
483	10.334247589111328
484	10.287078857421875
485	10.297471046447754
486	10.184170722961426
487	10.473350524902344
488	10.247982025146484
489	10.34199047088623
490	10.31274127960205
491	10.268376350402832
492	10.181473731994629
493	10.197063446044922
494	10.21314525604248
495	10.349370956420898
496	10.341848373413086
497	10.164669036865234
498	10.277261734008789
499	10.169212341308594
500	10.295894622802734
501	10.223871231079102
502	10.030523300170898
503	10.182210922241211
504	10.160183906555176
505	10.23208999633789
506	10.275936126708984
507	10.095834732055664
508	10.167037963867188
509	10.299412727355957
510	10.160021781921387
511	10.273829460144043
512	10.40274429321289
513	10.302218437194824
514	10.143144607543945
515	10.254505157470703
516	10.361318588256836
517	10.34096908569336
518	10.280403137207031
519	10.15822696685791
520	10.066648483276367
521	10.276248931884766
522	10.09279727935791
523	10.287858963012695
524	10.457457542419434
525	10.28756332397461
526	10.400406837463379
527	10.333763122558594
528	10.366007804870605
529	10.195609092712402
530	10.325899124145508
531	10.437223434448242
532	10.44788646697998
533	10.442317008972168
534	10.493104934692383
535	10.461444854736328
536	10.252281188964844
537	10.16908073425293
538	10.488162994384766
539	10.392154693603516
540	10.361762046813965
541	10.262676239013672
542	10.43075180053711
543	10.507659912109375
544	10.355253219604492
545	10.406723976135254
546	10.506617546081543
547	10.61483383178711
548	10.359607696533203
549	10.163223266601563
550	10.160989761352539
551	10.169692993164063
552	10.179788589477539
553	10.173785209655762
554	10.115117073059082
555	10.130006790161133
556	10.303305625915527
557	10.0951509475708
558	10.269123077392578
559	10.075260162353516
560	10.100519180297852
561	10.262489318847656
562	10.25643539428711
563	10.208694458007813
564	10.17448902130127
565	10.135668754577637
566	10.169269561767578
567	10.229896545410156
568	10.175106048583984
569	10.28074836730957
570	10.231822967529297
571	10.305867195129395
572	10.235742568969727
573	10.259393692016602
574	10.316661834716797
575	10.306078910827637
576	10.460504531860352
577	10.472332000732422
578	10.353691101074219
579	10.281303405761719
580	10.056253433227539
581	10.38048267364502
582	10.190187454223633
583	10.344521522521973
584	10.233388900756836
585	10.502979278564453
586	10.435294151306152
587	10.449196815490723
588	10.472967147827148
589	10.292240142822266
590	10.354323387145996
591	10.36010456085205
592	10.314312934875488
593	10.26348876953125
594	10.219964027404785
595	10.126672744750977
596	10.177515029907227
597	10.533072471618652
598	10.25913143157959
599	10.253061294555664
600	10.363612174987793
601	10.190138816833496
602	10.386390686035156
603	10.266149520874023
604	10.205242156982422
605	10.244659423828125
606	10.393087387084961
607	10.291841506958008
608	10.274465560913086
609	10.3613920211792
610	10.307538032531738
611	10.077690124511719
612	10.214547157287598
613	10.194294929504395
614	10.261693954467773
615	10.257213592529297
616	10.487445831298828
617	10.32873249053955
618	10.275641441345215
619	10.225992202758789
620	10.328063011169434
621	10.312599182128906
622	10.111371040344238
623	10.425555229187012
624	10.230956077575684
625	10.064967155456543
626	10.166522979736328
627	10.288801193237305
628	10.440089225769043
629	10.515544891357422
630	10.6312837600708
631	10.546072959899902
632	10.477592468261719
633	10.752838134765625
634	10.260981559753418
635	10.092182159423828
636	10.290779113769531
637	10.246041297912598
638	10.037407875061035
639	10.235540390014648
640	10.091575622558594
641	10.270011901855469
642	10.043937683105469
643	10.48916244506836
644	9.989069938659668
645	10.029984474182129
646	9.99828815460205
647	9.981910705566406
648	10.016883850097656
649	10.20937442779541
650	10.379411697387695
651	10.148426055908203
652	9.976287841796875
653	9.951227188110352
654	10.145578384399414
655	10.252693176269531
656	10.094200134277344
657	10.15677547454834
658	10.279013633728027
659	10.231995582580566
660	10.255434036254883
661	10.123974800109863
662	10.27723503112793
663	10.262704849243164
664	10.263384819030762
665	10.091153144836426
666	10.118117332458496
667	10.049328804016113
668	10.19859790802002
669	10.341080665588379
670	10.53955364227295
671	10.251140594482422
672	10.410234451293945
673	10.465827941894531
674	10.500092506408691
675	10.505087852478027
676	10.143638610839844
677	9.98127555847168
678	10.127073287963867
679	10.001240730285645
680	10.174555778503418
681	10.24010944366455
682	10.279754638671875
683	10.265951156616211
684	10.213239669799805
685	10.119993209838867
686	10.20724868774414
687	10.309030532836914
688	10.467129707336426
689	10.421845436096191
690	10.371725082397461
691	10.257169723510742
692	10.192503929138184
693	10.255426406860352
694	10.160170555114746
695	10.125978469848633
696	10.596413612365723
697	10.28584098815918
698	10.68283748626709
699	10.3859281539917
700	10.42490291595459
701	10.425620079040527
702	10.342312812805176
703	10.306364059448242
704	10.429888725280762
705	10.581295013427734
706	10.537515640258789
707	10.43659496307373
708	10.601962089538574
709	10.506157875061035
710	10.2415132522583
711	10.2785062789917
712	10.248519897460938
713	10.439526557922363
714	10.220770835876465
715	10.126212120056152
716	10.468979835510254
717	10.330253601074219
718	10.317296028137207
719	10.237539291381836
720	9.97244644165039
721	10.056150436401367
722	10.250528335571289
723	10.02261734008789
724	10.132006645202637
725	10.074851036071777
726	10.103398323059082
727	10.074027061462402
728	9.996358871459961
729	9.934234619140625
730	9.93142318725586
731	10.05501651763916
732	10.03429126739502
733	10.147357940673828
734	10.270634651184082
735	9.80729866027832
736	9.993060111999512
737	10.14029312133789
738	9.885211944580078
739	9.962889671325684
740	9.930764198303223
741	10.07499885559082
742	10.365057945251465
743	10.57974624633789
744	10.371611595153809
745	10.470182418823242
746	10.257619857788086
747	10.444313049316406
748	10.309279441833496
749	10.402420043945313
750	10.579760551452637
751	10.468070983886719
752	10.420332908630371
753	10.45475959777832
754	10.577129364013672
755	10.499523162841797
756	10.459692001342773
757	10.3072509765625
758	9.982816696166992
759	9.89891529083252
760	10.197846412658691
761	10.331620216369629
762	10.428191184997559
763	10.276009559631348
764	10.682405471801758
765	10.790753364562988
766	10.539166450500488
767	10.826424598693848
768	10.465682029724121
769	10.510601043701172
770	10.553431510925293
771	10.517376899719238
772	10.347310066223145
773	10.240490913391113
774	10.212250709533691
775	10.150688171386719
776	10.374760627746582
777	10.100532531738281
778	10.080578804016113
779	10.109768867492676
780	10.080434799194336
781	10.176413536071777
782	10.136645317077637
783	10.192370414733887
784	10.201674461364746
785	10.055706977844238
786	10.29525375366211
787	10.180657386779785
788	10.376859664916992
789	10.30526065826416
790	10.163134574890137
791	10.222094535827637
792	9.984173774719238
793	9.997880935668945
794	10.071072578430176
795	10.126896858215332
796	10.123235702514648
797	10.082566261291504
798	10.207892417907715
799	10.286608695983887
800	10.48304271697998
801	10.462474822998047
802	10.277668952941895
803	10.4590482711792
804	10.365622520446777
805	10.143068313598633
806	10.234190940856934
807	10.23897647857666
808	10.344712257385254
809	10.280017852783203
810	10.237504005432129
811	10.456650733947754
812	10.426706314086914
813	10.424612998962402
814	10.705735206604004
815	10.453168869018555
816	10.270320892333984
817	10.339313507080078
818	10.21984577178955
819	10.21685791015625
820	10.40902042388916
821	10.302755355834961
822	10.336175918579102
823	10.645413398742676
824	10.579825401306152
825	10.660188674926758
826	10.402108192443848
827	10.492274284362793
828	10.697278022766113
829	10.425527572631836
830	10.383685111999512
831	10.628629684448242
832	10.578704833984375
833	10.429876327514648
834	10.286677360534668
835	10.538345336914063
836	10.684613227844238
837	10.69053840637207
838	10.827442169189453
839	10.845285415649414
840	10.972107887268066
841	10.737238883972168
842	10.605816841125488
843	10.780906677246094
844	10.5807466506958
845	10.704191207885742
846	10.713848114013672
847	10.640377044677734
848	10.776361465454102
849	10.827116012573242
850	10.474870681762695
851	10.458168983459473
852	10.346460342407227
853	10.462350845336914
854	10.209616661071777
855	10.31553840637207
856	10.517045021057129
857	10.492688179016113
858	10.702858924865723
859	10.553038597106934
860	10.620723724365234
861	10.541994094848633
862	10.732065200805664
863	10.648030281066895
864	10.539234161376953
865	10.599446296691895
866	10.505550384521484
867	10.727572441101074
868	10.499373435974121
869	10.62645149230957
870	10.528897285461426
871	10.598724365234375
872	10.727068901062012
873	10.888067245483398
874	10.578218460083008
875	10.808202743530273
876	10.574810981750488
877	10.684643745422363
878	10.594555854797363
879	10.694266319274902
880	10.432594299316406
881	10.583037376403809
882	10.6449556350708
883	10.551210403442383
884	10.565723419189453
885	10.51854133605957
886	10.520063400268555
887	10.289313316345215
888	10.223910331726074
889	10.480371475219727
890	10.3282470703125
891	10.246862411499023
892	10.439437866210938
893	10.714923858642578
894	10.42774486541748
895	10.518117904663086
896	10.463602066040039
897	10.55434513092041
898	10.426621437072754
899	10.458292961120605
900	10.654912948608398
901	10.640398979187012
902	10.525466918945313
903	10.637090682983398
904	10.608280181884766
905	10.473941802978516
906	10.821763038635254
907	10.752431869506836
908	10.533919334411621
909	10.726157188415527
910	10.308711051940918
911	10.342826843261719
912	10.37926959991455
913	10.319023132324219
914	10.35318374633789
915	10.377994537353516
916	10.302298545837402
917	10.46428394317627
918	10.618353843688965
919	10.651071548461914
920	10.408492088317871
921	10.523370742797852
922	10.436373710632324
923	10.462748527526855
924	10.289146423339844
925	10.488994598388672
926	10.371922492980957
927	10.361495018005371
928	10.459746360778809
929	10.540936470031738
930	10.573862075805664
931	10.417231559753418
932	10.590292930603027
933	10.468515396118164
934	10.246926307678223
935	10.351630210876465
936	10.384283065795898
937	10.480487823486328
938	10.487719535827637
939	10.50513744354248
940	10.378450393676758
941	10.54202651977539
942	10.485499382019043
943	10.48430347442627
944	10.18054485321045
945	10.213263511657715
946	10.34304141998291
947	10.391617774963379
948	10.693180084228516
949	10.51926040649414
950	10.717254638671875
951	10.477350234985352
952	10.484872817993164
953	10.493084907531738
954	10.675182342529297
955	10.482714653015137
956	10.575496673583984
957	10.504875183105469
958	10.503776550292969
959	10.601380348205566
960	10.638269424438477
961	10.428570747375488
962	10.408123970031738
963	10.457551002502441
964	10.59890365600586
965	10.29565715789795
966	10.474653244018555
967	10.38935661315918
968	10.176884651184082
969	10.101434707641602
970	10.37717056274414
971	10.155555725097656
972	10.226988792419434
973	10.408116340637207
974	10.327159881591797
975	10.345827102661133
976	10.317488670349121
977	10.579874038696289
978	10.513160705566406
979	10.5538911819458
980	10.530047416687012
981	10.529213905334473
982	10.637951850891113
983	10.593633651733398
984	10.66024398803711
985	10.448888778686523
986	10.266387939453125
987	10.390361785888672
988	10.291912078857422
989	10.197370529174805
990	10.17026424407959
991	10.352411270141602
992	10.319863319396973
993	10.200587272644043
994	10.240385055541992
995	10.429863929748535
996	10.429280281066895
997	10.4607572555542
998	10.42342758178711
999	10.321818351745605
1000	10.423389434814453
1001	10.584805488586426
1002	10.164381980895996
1003	10.236917495727539
1004	10.162217140197754
1005	10.44810962677002
1006	10.303694725036621
1007	10.30428695678711
1008	10.356593132019043
1009	10.447725296020508
1010	10.579445838928223
1011	10.516823768615723
1012	10.357398986816406
1013	10.293941497802734
1014	10.214783668518066
1015	10.512005805969238
1016	10.539205551147461
1017	10.745235443115234
1018	10.617716789245605
1019	10.785906791687012
1020	10.593374252319336
1021	10.796175003051758
1022	10.630825996398926
1023	10.605119705200195
1024	10.730733871459961
1025	10.545790672302246
1026	10.544156074523926
1027	10.631150245666504
1028	10.595239639282227
1029	10.83505630493164
1030	10.690237045288086
1031	10.668964385986328
1032	10.498826026916504
1033	10.756674766540527
1034	10.477837562561035
1035	10.593050003051758
1036	10.502738952636719
1037	10.439512252807617
1038	10.611555099487305
1039	10.768972396850586
1040	10.674893379211426
1041	10.539726257324219
1042	10.215428352355957
1043	10.59056282043457
1044	10.55848503112793
1045	10.673093795776367
1046	10.686471939086914
1047	10.707013130187988
1048	10.896039962768555
1049	10.608633995056152
1050	10.538175582885742
1051	10.460883140563965
1052	10.445882797241211
1053	10.517789840698242
1054	10.437542915344238
1055	10.324041366577148
1056	10.525898933410645
1057	10.382102012634277
1058	10.48609733581543
1059	10.498229026794434
1060	10.544747352600098
1061	10.531693458557129
1062	10.64030647277832
1063	10.720563888549805
1064	10.602169036865234
1065	10.79409408569336
1066	10.586723327636719
1067	10.63875961303711
1068	10.704890251159668
1069	10.539467811584473
1070	10.511661529541016
1071	10.79643726348877
1072	10.58646297454834
1073	10.648161888122559
1074	10.780352592468262
1075	10.682292938232422
1076	10.35015869140625
1077	10.348642349243164
1078	10.099013328552246
1079	10.362895011901855
1080	10.483388900756836
1081	10.158415794372559
1082	10.301858901977539
1083	10.424294471740723
1084	10.474786758422852
1085	10.358665466308594
1086	10.351012229919434
1087	10.311756134033203
1088	10.262277603149414
1089	10.247997283935547
1090	10.355879783630371
1091	10.447880744934082
1092	10.451607704162598
1093	10.197818756103516
1094	10.245579719543457
1095	10.291546821594238
1096	10.478706359863281
1097	10.59782886505127
1098	10.223929405212402
1099	10.061731338500977
1100	10.087360382080078
1101	10.275616645812988
1102	10.2821626663208
1103	10.3505859375
1104	10.102279663085938
1105	10.123510360717773
1106	10.08414363861084
1107	9.936192512512207
1108	10.047280311584473
1109	10.099183082580566
1110	9.96660327911377
1111	10.076817512512207
1112	10.259639739990234
1113	10.107001304626465
1114	10.23220443725586
1115	10.090335845947266
1116	10.279407501220703
1117	10.241655349731445
1118	10.381285667419434
1119	10.233880996704102
1120	10.388062477111816
1121	10.182774543762207
1122	10.212716102600098
1123	10.326212882995605
1124	10.085454940795898
1125	10.030252456665039
1126	10.526618003845215
1127	10.353791236877441
1128	10.14915657043457
1129	10.094990730285645
1130	10.316512107849121
1131	10.085383415222168
1132	10.122321128845215
1133	10.249110221862793
1134	10.107231140136719
1135	10.398666381835938
1136	10.519195556640625
1137	10.563636779785156
1138	10.39870548248291
1139	10.488089561462402
1140	10.367179870605469
1141	10.287928581237793
1142	10.354219436645508
1143	10.268360137939453
1144	10.206287384033203
1145	10.148036003112793
1146	10.229472160339355
1147	10.36805248260498
1148	10.025574684143066
1149	10.155040740966797
1150	10.010141372680664
1151	10.09960651397705
1152	9.950790405273438
1153	10.197203636169434
1154	10.05079460144043
1155	10.161640167236328
1156	10.108440399169922
1157	10.255910873413086
1158	10.324003219604492
1159	10.27071762084961
1160	10.20322036743164
1161	10.09439754486084
1162	10.32911491394043
1163	10.2825345993042
1164	10.273496627807617
1165	10.184043884277344
1166	10.201147079467773
1167	10.12037181854248
1168	10.333895683288574
1169	10.328349113464355
1170	10.477185249328613
1171	10.415711402893066
1172	10.3121337890625
1173	10.330903053283691
1174	10.47542667388916
1175	10.31371784210205
1176	10.086623191833496
1177	10.248744010925293
1178	10.229969024658203
1179	10.222067832946777
1180	10.218807220458984
1181	10.16098403930664
1182	10.224632263183594
1183	10.276762008666992
1184	10.302227973937988
1185	10.178425788879395
1186	10.219690322875977
1187	10.177400588989258
1188	10.232906341552734
1189	10.210569381713867
1190	10.141997337341309
1191	10.210970878601074
1192	10.274398803710938
1193	10.352211952209473
1194	10.346495628356934
1195	9.992877006530762
1196	9.969439506530762
1197	10.046778678894043
1198	9.940030097961426
1199	9.807539939880371
1200	9.933398246765137
1201	9.926495552062988
1202	9.850600242614746
1203	10.067605018615723
1204	9.978043556213379
1205	10.01032543182373
1206	10.190526962280273
1207	10.223543167114258
1208	10.197646141052246
1209	10.354570388793945
1210	10.023356437683105
1211	10.129302978515625
1212	10.092337608337402
1213	10.321290969848633
1214	10.20455265045166
1215	10.184415817260742
1216	10.18288516998291
1217	10.275138854980469
1218	10.243491172790527
1219	10.202973365783691
1220	10.039381980895996
1221	10.038583755493164
1222	10.164121627807617
1223	10.240447998046875
1224	10.319472312927246
1225	10.343550682067871
1226	10.395562171936035
1227	10.408896446228027
1228	10.256032943725586
1229	10.29212760925293
1230	10.023957252502441
1231	10.357501983642578
1232	10.308298110961914
1233	10.458560943603516
1234	10.435389518737793
1235	10.509806632995605
1236	10.351398468017578
1237	10.375164031982422
1238	10.424834251403809
1239	10.632750511169434
1240	10.741039276123047
1241	10.560298919677734
1242	10.159163475036621
1243	10.505485534667969
1244	10.529495239257813
1245	10.486543655395508
1246	10.330965995788574
1247	10.421149253845215
1248	10.48756217956543
1249	10.342013359069824
1250	10.449772834777832
1251	10.440353393554688
1252	10.443163871765137
1253	10.090195655822754
1254	10.191657066345215
1255	9.974075317382813
1256	10.087976455688477
1257	9.902713775634766
1258	9.876558303833008
1259	9.926888465881348
1260	9.978729248046875
1261	10.10056209564209
1262	9.93791675567627
1263	10.133660316467285
1264	10.197134017944336
1265	9.955141067504883
1266	10.088919639587402
1267	9.98063850402832
1268	10.066011428833008
1269	10.10313892364502
1270	10.055161476135254
1271	10.187323570251465
1272	10.106781959533691
1273	10.07118034362793
1274	10.07336711883545
1275	10.284233093261719
1276	10.155301094055176
1277	9.990479469299316
1278	10.0824613571167
1279	10.28244400024414
1280	10.273627281188965
1281	10.477795600891113
1282	10.416954040527344
1283	9.960355758666992
1284	10.044904708862305
1285	10.237956047058105
1286	10.227455139160156
1287	10.270825386047363
1288	10.049149513244629
1289	9.997802734375
1290	9.79425048828125
1291	9.834067344665527
1292	9.91472053527832
1293	10.145752906799316
1294	9.986361503601074
1295	9.872318267822266
1296	10.093741416931152
1297	10.125033378601074
1298	9.940535545349121
1299	10.059354782104492
1300	9.977439880371094
1301	10.10283088684082
1302	10.10400104522705
1303	10.224706649780273
1304	10.285011291503906
1305	10.280041694641113
1306	9.953685760498047
1307	10.22646713256836
1308	10.07630443572998
1309	10.054320335388184
1310	10.171784400939941
1311	10.208311080932617
1312	10.196826934814453
1313	10.349790573120117
1314	10.237065315246582
1315	10.286441802978516
1316	10.023136138916016
1317	9.887896537780762
1318	10.039649963378906
1319	9.974302291870117
1320	10.014364242553711
1321	9.995863914489746
1322	9.91655445098877
1323	10.220358848571777
1324	10.108892440795898
1325	10.050737380981445
1326	10.10184383392334
1327	9.982099533081055
1328	9.847404479980469
1329	10.149076461791992
1330	10.11397647857666
1331	10.119056701660156
1332	10.048125267028809
1333	10.010098457336426
1334	10.128861427307129
1335	10.337237358093262
1336	10.19832992553711
1337	10.110663414001465
1338	10.038212776184082
1339	9.977208137512207
1340	10.059518814086914
1341	9.959611892700195
1342	9.990161895751953
1343	9.795873641967773
1344	9.951882362365723
1345	9.969125747680664
1346	9.829839706420898
1347	9.76003360748291
1348	9.838214874267578
1349	9.884988784790039
1350	9.945191383361816
1351	10.030479431152344
1352	10.198137283325195
1353	10.370867729187012
1354	10.06541633605957
1355	10.171040534973145
1356	10.058216094970703
1357	10.039928436279297
1358	9.92246150970459
1359	9.968093872070313
1360	9.910333633422852
1361	10.165937423706055
1362	10.00830078125
1363	10.013161659240723
1364	10.138863563537598
1365	10.029428482055664
1366	9.88724422454834
1367	9.937430381774902
1368	10.014089584350586
1369	10.219715118408203
1370	10.000057220458984
1371	9.939516067504883
1372	9.996041297912598
1373	9.851195335388184
1374	9.91792106628418
1375	10.013455390930176
1376	9.982757568359375
1377	9.921477317810059
1378	10.092841148376465
1379	10.173903465270996
1380	10.045944213867188
1381	10.136200904846191
1382	9.992925643920898
1383	10.173283576965332
1384	10.100801467895508
1385	10.28271770477295
1386	10.110138893127441
1387	10.153409957885742
1388	10.215363502502441
1389	10.080979347229004
1390	10.166915893554688
1391	10.132589340209961
1392	10.02280044555664
1393	9.949833869934082
1394	9.940814971923828
1395	10.14582347869873
1396	10.131597518920898
1397	10.081596374511719
1398	10.169111251831055
1399	10.105401992797852
1400	10.27145004272461
1401	10.226539611816406
1402	9.89349365234375
1403	10.023283004760742
1404	10.427369117736816
1405	10.51845645904541
1406	10.32235050201416
1407	10.413033485412598
1408	10.028985977172852
1409	10.165306091308594
1410	10.036417961120605
1411	10.233274459838867
1412	10.27167797088623
1413	10.525643348693848
1414	10.088945388793945
1415	10.151205062866211
1416	10.111571311950684
1417	10.103809356689453
1418	10.069863319396973
1419	10.236103057861328
1420	10.26340103149414
1421	10.200356483459473
1422	10.208572387695313
1423	10.296561241149902
1424	10.323196411132813
1425	10.048558235168457
1426	10.055583953857422
1427	10.018349647521973
1428	10.03545093536377
1429	9.916088104248047
1430	10.065388679504395
1431	10.101073265075684
1432	10.202156066894531
1433	10.135564804077148
1434	10.147916793823242
1435	10.113323211669922
1436	10.122363090515137
1437	9.993073463439941
1438	10.15994930267334
1439	10.322746276855469
1440	10.413601875305176
1441	10.324416160583496
1442	10.387691497802734
1443	10.690710067749023
1444	10.326702117919922
1445	10.573708534240723
1446	10.692316055297852
1447	10.471834182739258
1448	10.535297393798828
1449	10.504528045654297
1450	10.358386039733887
1451	10.39250373840332
1452	10.405168533325195
1453	10.4204740524292
1454	10.315930366516113
1455	10.406217575073242
1456	10.32463550567627
1457	10.591819763183594
1458	10.546528816223145
1459	10.444808006286621
1460	10.304865837097168
1461	10.441736221313477
1462	10.59661865234375
1463	10.497198104858398
1464	10.676867485046387
1465	10.49889850616455
1466	10.521299362182617
1467	10.467047691345215
1468	10.408487319946289
1469	10.506396293640137
1470	10.519674301147461
1471	10.628796577453613
1472	10.646294593811035
1473	10.448934555053711
1474	10.520569801330566
1475	10.615593910217285
1476	10.548262596130371
1477	10.34126091003418
1478	10.710004806518555
1479	10.488898277282715
1480	10.651583671569824
1481	10.70956802368164
1482	10.716805458068848
1483	10.820991516113281
1484	10.625088691711426
1485	10.403182983398438
1486	10.398358345031738
1487	10.42512321472168
1488	10.373909950256348
1489	10.490667343139648
1490	10.33592414855957
1491	10.25898265838623
1492	10.405244827270508
1493	10.301596641540527
1494	10.385284423828125
1495	10.407782554626465
1496	10.485174179077148
1497	10.371925354003906
1498	10.424551963806152
1499	10.45509147644043
1500	10.337058067321777
1501	10.455242156982422
1502	10.227106094360352
1503	10.3768310546875
1504	10.330718040466309
1505	10.207294464111328
1506	10.346857070922852
1507	10.311677932739258
1508	10.647575378417969
1509	10.464696884155273
1510	10.509413719177246
1511	10.405590057373047
1512	10.160236358642578
1513	10.297113418579102
1514	10.5072660446167
1515	10.338293075561523
1516	10.35827922821045
1517	10.438068389892578
1518	10.471478462219238
1519	10.414077758789063
1520	10.444539070129395
1521	10.60209846496582
1522	10.760773658752441
1523	10.472386360168457
1524	10.251041412353516
1525	10.29405403137207
1526	10.292925834655762
1527	10.300443649291992
1528	10.128567695617676
1529	10.219990730285645
1530	10.16635799407959
1531	10.349876403808594
1532	10.179882049560547
1533	10.397762298583984
1534	10.369099617004395
1535	10.13731861114502
1536	10.29889965057373
1537	10.418489456176758
1538	10.344075202941895
1539	10.201518058776855
1540	10.206754684448242
1541	10.208578109741211
1542	10.182950973510742
1543	10.062679290771484
1544	10.03294849395752
1545	10.0010347366333
1546	10.03824234008789
1547	9.98060417175293
1548	10.058419227600098
1549	10.031465530395508
1550	10.21751594543457
1551	10.166680335998535
1552	10.286800384521484
1553	10.145928382873535
1554	10.269638061523438
1555	10.18822193145752
1556	9.935053825378418
1557	9.9385404586792
1558	10.074942588806152
1559	9.95832347869873
1560	10.160602569580078
1561	10.304962158203125
1562	10.141414642333984
1563	10.121609687805176
1564	10.022138595581055
1565	10.05685806274414
1566	10.068394660949707
1567	9.922882080078125
1568	10.120532989501953
1569	10.108441352844238
1570	10.248013496398926
1571	10.14657974243164
1572	10.304484367370605
1573	10.326992988586426
1574	10.183404922485352
1575	10.400712966918945
1576	10.219700813293457
1577	10.125224113464355
1578	10.196976661682129
1579	10.028386116027832
1580	10.16671085357666
1581	10.356346130371094
1582	10.295012474060059
1583	10.442219734191895
1584	10.209329605102539
1585	10.147956848144531
1586	10.227344512939453
1587	10.441549301147461
1588	10.128761291503906
1589	10.306047439575195
1590	10.3286714553833
1591	10.352497100830078
1592	10.243062019348145
1593	10.294793128967285
1594	10.294700622558594
1595	10.205957412719727
1596	10.09671401977539
1597	10.131312370300293
1598	9.958794593811035
1599	10.078536987304688
1600	9.969104766845703
1601	9.89184284210205
1602	9.97128677368164
1603	9.78752613067627
1604	9.980557441711426
1605	9.828924179077148
1606	9.79626750946045
1607	9.930292129516602
1608	9.82481861114502
1609	9.773536682128906
1610	9.901544570922852
1611	9.913485527038574
1612	9.86634635925293
1613	9.882542610168457
1614	9.946660041809082
1615	9.916175842285156
1616	9.800450325012207
1617	9.771563529968262
1618	9.878015518188477
1619	9.839021682739258
1620	9.578493118286133
1621	9.757256507873535
1622	9.994443893432617
1623	9.909113883972168
1624	9.765799522399902
1625	9.895750999450684
1626	9.955933570861816
1627	10.014060020446777
1628	9.769594192504883
1629	9.890007019042969
1630	9.870735168457031
1631	9.87285041809082
1632	9.768769264221191
1633	9.902814865112305
1634	9.903761863708496
1635	9.91020393371582
1636	10.067790031433105
1637	9.968816757202148
1638	10.003325462341309
1639	10.055258750915527
1640	9.911774635314941
1641	9.813370704650879
1642	9.850907325744629
1643	9.89381217956543
1644	9.883872985839844
1645	9.831963539123535
1646	9.988426208496094
1647	10.110416412353516
1648	9.970014572143555
1649	9.9808988571167
1650	9.928573608398438
1651	9.837262153625488
1652	9.77165412902832
1653	9.646574020385742
1654	9.740814208984375
1655	9.637288093566895
1656	9.780110359191895
1657	9.675053596496582
1658	9.74803352355957
1659	9.82919692993164
1660	9.80246353149414
1661	9.845022201538086
1662	9.880560874938965
1663	9.83279800415039
1664	9.931209564208984
1665	9.933929443359375
1666	9.8018798828125
1667	9.730023384094238
1668	9.818770408630371
1669	9.882009506225586
1670	9.875231742858887
1671	9.777932167053223
1672	9.77416706085205
1673	9.965591430664063
1674	9.97175121307373
1675	9.927300453186035
1676	9.712750434875488
1677	9.779108047485352
1678	10.020133018493652
1679	9.955836296081543
1680	9.894888877868652
1681	9.87488079071045
1682	9.766655921936035
1683	10.000275611877441
1684	9.891267776489258
1685	9.92043685913086
1686	9.754241943359375
1687	9.9110746383667
1688	9.881988525390625
1689	10.077337265014648
1690	9.989648818969727
1691	10.116246223449707
1692	9.907160758972168
1693	9.965658187866211
1694	10.017580032348633
1695	9.999516487121582
1696	10.004755973815918
1697	9.980194091796875
1698	9.98556900024414
1699	9.90355396270752
1700	9.9446382522583
1701	10.00078010559082
1702	9.92424201965332
1703	9.833514213562012
1704	9.78343391418457
1705	9.957340240478516
1706	9.964286804199219
1707	9.7581148147583
1708	9.790403366088867
1709	9.933588027954102
1710	9.756467819213867
1711	9.720178604125977
1712	9.814434051513672
1713	9.869416236877441
1714	9.805801391601563
1715	9.811713218688965
1716	9.728050231933594
1717	9.908167839050293
1718	9.965337753295898
1719	9.956103324890137
1720	9.980609893798828
1721	9.963263511657715
1722	9.616105079650879
1723	9.905261993408203
1724	9.785924911499023
1725	9.817855834960938
1726	9.928955078125
1727	9.784197807312012
1728	9.647379875183105
1729	9.670276641845703
1730	9.718993186950684
1731	9.551609992980957
1732	9.5946626663208
1733	9.580155372619629
1734	9.491962432861328
1735	9.46940803527832
1736	9.710827827453613
1737	9.49406909942627
1738	9.617952346801758
1739	9.614425659179688
1740	9.627748489379883
1741	9.718098640441895
1742	9.648151397705078
1743	9.844354629516602
1744	9.841206550598145
1745	9.767928123474121
1746	9.767256736755371
1747	9.681358337402344
1748	9.870325088500977
1749	9.607617378234863
1750	9.670953750610352
1751	9.685251235961914
1752	9.563837051391602
1753	9.662900924682617
1754	9.658632278442383
1755	9.57600212097168
1756	9.543577194213867
1757	9.679177284240723
1758	9.682799339294434
1759	9.620016098022461
1760	9.600448608398438
1761	9.761346817016602
1762	9.584826469421387
1763	9.589188575744629
1764	9.73813533782959
1765	9.546990394592285
1766	9.721961975097656
1767	9.694952011108398
1768	9.5449857711792
1769	9.750008583068848
1770	9.76976203918457
1771	9.983834266662598
1772	9.910395622253418
1773	9.914444923400879
1774	10.010931968688965
1775	10.019779205322266
1776	9.972603797912598
1777	10.011855125427246
1778	9.843623161315918
1779	9.838177680969238
1780	9.876456260681152
1781	9.856266021728516
1782	9.956530570983887
1783	9.848962783813477
1784	9.840988159179688
1785	9.831613540649414
1786	9.92444133758545
1787	9.81971263885498
1788	9.687807083129883
1789	9.87764835357666
1790	9.788241386413574
1791	9.972496032714844
1792	9.975724220275879
1793	10.035062789916992
1794	9.901147842407227
1795	9.99167537689209
1796	9.881552696228027
1797	9.82922077178955
1798	10.03874683380127
1799	9.86216926574707
1800	9.728781700134277
1801	9.738868713378906
1802	9.700874328613281
1803	9.8914155960083
1804	9.927258491516113
1805	9.896505355834961
1806	9.867447853088379
1807	10.050620079040527
1808	9.861448287963867
1809	9.815800666809082
1810	9.80316162109375
1811	9.82846450805664
1812	9.840304374694824
1813	9.951191902160645
1814	9.86489200592041
1815	9.738680839538574
1816	10.065546035766602
1817	9.877896308898926
1818	9.851154327392578
1819	9.829440116882324
1820	10.043229103088379
1821	9.749417304992676
1822	10.07858657836914
1823	9.946070671081543
1824	9.736185073852539
1825	9.637066841125488
1826	9.858633995056152
1827	9.858833312988281
1828	9.82776927947998
1829	9.874849319458008
1830	9.790002822875977
1831	9.80222225189209
1832	9.920794486999512
1833	9.957483291625977
1834	9.821443557739258
1835	9.910578727722168
1836	9.994828224182129
1837	9.909272193908691
1838	9.8887939453125
1839	9.926185607910156
1840	9.861586570739746
1841	9.761606216430664
1842	9.789009094238281
1843	9.805723190307617
1844	9.729081153869629
1845	9.772970199584961
1846	9.85048770904541
1847	9.762794494628906
1848	9.750836372375488
1849	9.823183059692383
1850	9.854972839355469
1851	9.793728828430176
1852	9.75818920135498
1853	9.758580207824707
1854	9.77551555633545
1855	9.752185821533203
1856	9.83360481262207
1857	9.848684310913086
1858	9.8693208694458
1859	9.889054298400879
1860	9.795268058776855
1861	9.72625732421875
1862	9.71802806854248
1863	9.961098670959473
1864	9.945554733276367
1865	9.815855026245117
1866	9.81726360321045
1867	9.767569541931152
1868	9.829692840576172
1869	9.785902976989746
1870	9.819108963012695
1871	9.925634384155273
1872	9.958949089050293
1873	9.885464668273926
1874	9.63705062866211
1875	9.860111236572266
1876	9.775530815124512
1877	9.943148612976074
1878	9.82370662689209
1879	9.819158554077148
1880	9.84306526184082
1881	9.961288452148438
1882	9.829193115234375
1883	9.846588134765625
1884	9.807251930236816
1885	9.772265434265137
1886	9.716442108154297
1887	9.708271980285645
1888	9.784963607788086
1889	9.841485023498535
1890	9.556694030761719
1891	9.846443176269531
1892	9.796009063720703
1893	9.810446739196777
1894	9.835038185119629
1895	9.757701873779297
1896	9.794849395751953
1897	9.722652435302734
1898	9.79766845703125
1899	9.689043998718262
1900	9.74128532409668
1901	9.737031936645508
1902	9.82825756072998
1903	9.841863632202148
1904	9.68488883972168
1905	9.758081436157227
1906	9.6820707321167
1907	9.836986541748047
1908	9.91999626159668
1909	9.841442108154297
1910	9.965709686279297
1911	9.879895210266113
1912	9.849543571472168
1913	9.882208824157715
1914	9.953132629394531
1915	9.945366859436035
1916	10.047540664672852
1917	9.842554092407227
1918	9.828336715698242
1919	9.841279029846191
1920	9.95132064819336
1921	9.915387153625488
1922	9.854095458984375
1923	9.915064811706543
1924	10.058375358581543
1925	9.814212799072266
1926	9.987187385559082
1927	9.859688758850098
1928	9.840983390808105
1929	9.838726043701172
1930	9.866496086120605
1931	9.985007286071777
1932	10.052387237548828
1933	9.971288681030273
1934	9.93468189239502
1935	9.99874210357666
1936	9.90475082397461
1937	9.884601593017578
1938	9.798248291015625
1939	9.76832103729248
1940	9.723371505737305
1941	9.733585357666016
1942	9.752842903137207
1943	9.616950035095215
1944	9.676711082458496
1945	9.743746757507324
1946	9.733668327331543
1947	9.725217819213867
1948	9.782151222229004
1949	9.699718475341797
1950	9.824291229248047
1951	9.735186576843262
1952	9.755440711975098
1953	9.787330627441406
1954	9.765182495117188
1955	9.719425201416016
1956	9.747142791748047
1957	9.58200454711914
1958	9.593260765075684
1959	9.632719039916992
1960	9.7005033493042
1961	9.672261238098145
1962	9.552278518676758
1963	9.540843963623047
1964	9.652254104614258
1965	9.649300575256348
1966	9.601954460144043
1967	9.535726547241211
1968	9.647380828857422
1969	9.662749290466309
1970	9.699220657348633
1971	9.57873249053955
1972	9.716288566589355
1973	9.722610473632813
1974	9.695440292358398
1975	9.605289459228516
1976	9.558253288269043
1977	9.64778995513916
1978	9.642434120178223
1979	9.703648567199707
1980	9.748162269592285
1981	9.616535186767578
1982	9.59141731262207
1983	9.641898155212402
1984	9.599833488464355
1985	9.487997055053711
1986	9.703922271728516
1987	9.612343788146973
1988	9.763870239257813
1989	9.72917652130127
1990	9.534198760986328
1991	9.660572052001953
1992	9.652740478515625
1993	9.6358003616333
1994	9.535820960998535
1995	9.57982063293457
1996	9.717156410217285
1997	9.606701850891113
1998	9.666379928588867
1999	9.785009384155273
2000	9.81862735748291
2001	9.821837425231934
2002	9.968277931213379
2003	9.825652122497559
2004	9.738174438476563
2005	9.676643371582031
2006	9.727705001831055
2007	9.674864768981934
2008	9.754319190979004
2009	9.53684139251709
2010	9.758444786071777
2011	9.868690490722656
2012	9.874547958374023
2013	9.579119682312012
2014	9.574288368225098
2015	9.833602905273438
2016	9.846915245056152
2017	9.557557106018066
2018	9.817480087280273
2019	9.65902042388916
2020	9.561746597290039
2021	9.659674644470215
2022	9.719118118286133
2023	9.65625
2024	9.678997993469238
2025	9.72951602935791
2026	9.763411521911621
2027	9.706443786621094
2028	9.728994369506836
2029	9.640140533447266
2030	9.709281921386719
2031	9.659891128540039
2032	9.75306224822998
2033	9.615623474121094
2034	9.736300468444824
2035	9.617690086364746
2036	9.799786567687988
2037	9.772383689880371
2038	9.874727249145508
2039	9.840510368347168
2040	9.93027400970459
2041	9.768625259399414
2042	9.597066879272461
2043	9.66076946258545
2044	9.603933334350586
2045	9.576286315917969
2046	9.652939796447754
2047	9.692829132080078
2048	9.686873435974121
2049	9.608983993530273
2050	9.682820320129395
2051	9.696070671081543
2052	9.708134651184082
2053	9.675871849060059
2054	9.595632553100586
2055	9.760289192199707
2056	9.685460090637207
2057	9.725034713745117
2058	9.7806396484375
2059	9.722900390625
2060	9.86056900024414
2061	9.803473472595215
2062	9.686314582824707
2063	9.790085792541504
2064	9.87509536743164
2065	9.722926139831543
2066	9.804744720458984
2067	9.789645195007324
2068	9.76280403137207
2069	9.80499267578125
2070	9.827829360961914
2071	9.730000495910645
2072	9.744722366333008
2073	9.735540390014648
2074	9.686178207397461
2075	9.789945602416992
2076	9.841780662536621
2077	9.77918815612793
2078	9.883930206298828
2079	9.849928855895996
2080	9.721386909484863
2081	9.691237449645996
2082	9.814642906188965
2083	9.791360855102539
2084	9.850217819213867
2085	9.822710990905762
2086	9.78990650177002
2087	9.770403861999512
2088	9.741044998168945
2089	9.930453300476074
2090	9.921360969543457
2091	9.855719566345215
2092	9.902097702026367
2093	9.964361190795898
2094	9.911059379577637
2095	9.909643173217773
2096	9.932605743408203
2097	9.857145309448242
2098	9.834783554077148
2099	9.806245803833008
2100	9.889453887939453
2101	9.732831001281738
2102	9.960941314697266
2103	9.96591567993164
2104	9.885092735290527
2105	9.784582138061523
2106	9.79882526397705
2107	9.854588508605957
2108	9.980267524719238
2109	9.761549949645996
2110	9.927970886230469
2111	9.969210624694824
2112	9.9451904296875
2113	9.891815185546875
2114	9.9319486618042
2115	9.969297409057617
2116	9.902902603149414
2117	9.791457176208496
2118	9.946830749511719
2119	9.927057266235352
2120	9.799479484558105
2121	9.840126037597656
2122	9.868364334106445
2123	9.876988410949707
2124	9.860499382019043
2125	9.876030921936035
2126	9.747057914733887
2127	9.887779235839844
2128	9.801468849182129
2129	9.839248657226563
2130	9.831786155700684
2131	9.814148902893066
2132	9.743741035461426
2133	9.857877731323242
2134	9.889520645141602
2135	9.770639419555664
2136	9.724221229553223
2137	9.811511993408203
2138	9.73714542388916
2139	9.880303382873535
2140	9.761529922485352
2141	9.815463066101074
2142	9.8873291015625
2143	9.804800987243652
2144	9.793879508972168
2145	9.77070426940918
2146	9.786914825439453
2147	9.646796226501465
2148	9.744391441345215
2149	9.831289291381836
2150	9.844842910766602
2151	9.761214256286621
2152	9.79287338256836
2153	9.959754943847656
2154	9.947372436523438
2155	9.852529525756836
2156	9.762507438659668
2157	9.7427396774292
2158	9.795581817626953
2159	9.862340927124023
2160	9.77527904510498
2161	9.7402925491333
2162	9.735305786132813
2163	9.755334854125977
2164	9.849863052368164
2165	9.763297080993652
2166	9.725455284118652
2167	9.689398765563965
2168	9.876005172729492
2169	9.793828964233398
2170	9.774307250976563
2171	9.942055702209473
2172	9.93533706665039
2173	9.87708568572998
2174	9.805087089538574
2175	9.846915245056152
2176	9.719239234924316
2177	9.906546592712402
2178	9.861591339111328
2179	9.887171745300293
2180	9.852845191955566
2181	9.823691368103027
2182	9.728583335876465
2183	9.966391563415527
2184	9.947356224060059
2185	9.904986381530762
2186	9.897734642028809
2187	9.999458312988281
2188	9.880026817321777
2189	9.758255958557129
2190	9.848090171813965
2191	9.780517578125
2192	9.853386878967285
2193	9.887007713317871
2194	9.887627601623535
2195	9.740217208862305
2196	9.778266906738281
2197	9.804932594299316
2198	9.682425498962402
2199	9.791234016418457
2200	9.819591522216797
2201	9.76654052734375
2202	9.925411224365234
2203	9.823396682739258
2204	9.821395874023438
2205	9.862849235534668
2206	9.818584442138672
2207	9.985105514526367
2208	9.836760520935059
2209	9.956592559814453
2210	9.934974670410156
2211	9.828243255615234
2212	9.847761154174805
2213	9.894928932189941
2214	9.986740112304688
2215	9.943767547607422
2216	9.756318092346191
2217	9.845945358276367
2218	9.73933219909668
2219	9.99533748626709
2220	9.860211372375488
2221	9.833780288696289
2222	9.781432151794434
2223	9.87102222442627
2224	10.019547462463379
2225	10.055129051208496
2226	9.950736999511719
2227	9.927127838134766
2228	10.105632781982422
2229	10.015580177307129
2230	10.138311386108398
2231	10.044663429260254
2232	10.08267879486084
2233	9.992022514343262
2234	10.026589393615723
2235	10.286589622497559
2236	9.990592002868652
2237	10.145563125610352
2238	10.023167610168457
2239	10.097776412963867
2240	9.989005088806152
2241	10.142498016357422
2242	10.098094940185547
2243	10.053529739379883
2244	10.190633773803711
2245	10.092903137207031
2246	9.9495849609375
2247	10.09183120727539
2248	9.921857833862305
2249	9.990074157714844
2250	10.044819831848145
2251	10.29099178314209
2252	10.221959114074707
2253	10.218754768371582
2254	10.162508964538574
2255	10.205227851867676
2256	10.18574333190918
2257	10.152277946472168
2258	10.012520790100098
2259	10.094033241271973
2260	10.234310150146484
2261	10.18990421295166
2262	10.261188507080078
2263	10.328766822814941
2264	10.379744529724121
2265	10.462977409362793
2266	10.472850799560547
2267	10.23371410369873
2268	10.225687026977539
2269	10.356036186218262
2270	10.4894380569458
2271	10.424463272094727
2272	10.1580810546875
2273	10.234743118286133
2274	10.21069622039795
2275	10.142034530639648
2276	10.229320526123047
2277	10.149014472961426
2278	10.125018119812012
2279	10.316136360168457
2280	10.190522193908691
2281	10.317864418029785
2282	10.312590599060059
2283	10.307299613952637
2284	10.260818481445313
2285	10.214034080505371
2286	10.183443069458008
2287	10.181561470031738
2288	10.023711204528809
2289	10.119185447692871
2290	10.219375610351563
2291	10.164667129516602
2292	10.170574188232422
2293	10.238261222839355
2294	10.194822311401367
2295	10.323965072631836
2296	10.406785011291504
2297	10.191123962402344
2298	10.321455001831055
2299	10.118101119995117
2300	10.046270370483398
2301	10.353371620178223
2302	9.984789848327637
2303	10.10391902923584
2304	10.32111930847168
2305	10.346065521240234
2306	10.18409538269043
2307	10.229076385498047
2308	10.452652931213379
2309	10.529909133911133
2310	10.538150787353516
2311	10.490677833557129
2312	10.582839012145996
2313	10.491897583007813
2314	10.233223915100098
2315	10.259465217590332
2316	10.497678756713867
2317	10.325308799743652
2318	10.300334930419922
2319	10.250096321105957
2320	10.257575035095215
2321	10.582345962524414
2322	10.41683292388916
2323	10.412798881530762
2324	10.407837867736816
2325	10.44206714630127
2326	10.493407249450684
2327	10.405769348144531
2328	10.599345207214355
2329	10.515277862548828
2330	10.568812370300293
2331	10.582160949707031
2332	10.360189437866211
2333	10.485180854797363
2334	10.367981910705566
2335	10.480232238769531
2336	10.483997344970703
2337	10.403156280517578
2338	10.442882537841797
2339	10.594040870666504
2340	10.66486644744873
2341	10.456851959228516
2342	10.53402328491211
2343	10.694687843322754
2344	10.535934448242188
2345	10.62838363647461
2346	10.461606979370117
2347	10.381558418273926
2348	10.693266868591309
2349	10.520184516906738
2350	10.64686107635498
2351	10.445178985595703
2352	10.483613014221191
2353	10.545087814331055
2354	10.518545150756836
2355	10.59752368927002
2356	10.591606140136719
2357	10.589673042297363
2358	10.595706939697266
2359	10.525039672851563
2360	10.437078475952148
2361	10.402253150939941
2362	10.508561134338379
2363	10.550326347351074
2364	10.849979400634766
2365	10.435160636901855
2366	10.629084587097168
2367	10.563946723937988
2368	10.64894962310791
2369	10.602720260620117
2370	10.704829216003418
2371	10.666462898254395
2372	10.682356834411621
2373	10.54753589630127
2374	10.55313777923584
2375	10.548456192016602
2376	10.456570625305176
2377	10.770804405212402
2378	10.610483169555664
2379	10.619701385498047
2380	10.683110237121582
2381	10.681329727172852
2382	10.598690032958984
2383	10.43516731262207
2384	10.32365894317627
2385	10.469460487365723
2386	10.435565948486328
2387	10.775296211242676
2388	10.55586051940918
2389	10.432717323303223
2390	10.499798774719238
2391	10.588626861572266
2392	10.493377685546875
2393	10.707802772521973
2394	10.657478332519531
2395	10.765471458435059
2396	10.500442504882813
2397	10.69560718536377
2398	10.480504035949707
2399	10.723836898803711
2400	10.560481071472168
2401	10.369476318359375
2402	10.537479400634766
2403	10.672361373901367
2404	10.709145545959473
2405	10.597644805908203
2406	10.718208312988281
2407	10.69301700592041
2408	10.648950576782227
2409	10.606657028198242
2410	10.650090217590332
2411	10.760771751403809
2412	10.611312866210938
2413	10.467513084411621
2414	10.479122161865234
2415	10.354762077331543
2416	10.377578735351563
2417	10.380512237548828
2418	10.512628555297852
2419	10.472640037536621
2420	10.758728981018066
2421	11.160250663757324
2422	10.821264266967773
2423	10.507527351379395
2424	10.535491943359375
2425	10.425466537475586
2426	10.441184043884277
2427	10.64008617401123
2428	10.441170692443848
2429	10.440672874450684
2430	10.550492286682129
2431	10.574758529663086
2432	10.662128448486328
2433	10.68165111541748
2434	10.65157413482666
2435	10.803084373474121
2436	10.678410530090332
2437	10.499189376831055
2438	10.217367172241211
2439	10.282914161682129
2440	10.185752868652344
2441	10.436871528625488
2442	10.514546394348145
2443	10.451326370239258
2444	10.506915092468262
2445	10.324353218078613
2446	10.46168041229248
2447	10.532470703125
2448	10.29513931274414
2449	10.353350639343262
2450	10.399201393127441
2451	10.473407745361328
2452	10.358092308044434
2453	10.402332305908203
2454	10.563103675842285
2455	10.609646797180176
2456	10.62328815460205
2457	10.528260231018066
2458	10.608925819396973
2459	10.673410415649414
2460	10.432999610900879
2461	10.471407890319824
2462	10.633536338806152
2463	10.57400131225586
2464	10.686185836791992
2465	10.61662483215332
2466	10.628719329833984
2467	10.57713508605957
2468	10.447592735290527
2469	10.37216567993164
2470	10.6027193069458
2471	10.701103210449219
2472	10.55473804473877
2473	10.516020774841309
2474	10.710026741027832
2475	10.600330352783203
2476	10.620227813720703
2477	10.465317726135254
2478	10.532668113708496
2479	10.548636436462402
2480	10.506375312805176
2481	10.639610290527344
2482	10.705095291137695
2483	10.5316743850708
2484	10.582717895507813
2485	10.523299217224121
2486	10.72901439666748
2487	10.502562522888184
2488	10.66602611541748
2489	10.45674991607666
2490	10.482418060302734
2491	10.363750457763672
2492	10.496673583984375
2493	10.68163013458252
2494	10.706769943237305
2495	10.746502876281738
2496	10.595660209655762
2497	10.461485862731934
2498	10.62259578704834
2499	10.795905113220215
2500	10.564170837402344
2501	10.705320358276367
2502	10.718523979187012
2503	10.682908058166504
2504	10.591670989990234
2505	10.596944808959961
2506	10.734360694885254
2507	10.64295768737793
2508	10.621562957763672
2509	10.309294700622559
2510	10.371761322021484
2511	10.42944622039795
2512	10.315475463867188
2513	10.51328182220459
2514	10.542304992675781
2515	10.283960342407227
2516	10.295943260192871
2517	10.274020195007324
2518	10.39568042755127
2519	10.335514068603516
2520	9.981612205505371
2521	10.237984657287598
2522	10.31247615814209
2523	10.263739585876465
2524	10.292808532714844
2525	10.314546585083008
2526	10.248246192932129
2527	10.240928649902344
2528	10.14811897277832
2529	10.126996040344238
2530	10.08608341217041
2531	9.952286720275879
2532	10.035057067871094
2533	10.102614402770996
2534	10.096485137939453
2535	10.044093132019043
2536	10.049751281738281
2537	10.065437316894531
2538	10.049017906188965
2539	10.217737197875977
2540	10.055500984191895
2541	10.1814603805542
2542	10.065013885498047
2543	10.114587783813477
2544	10.200828552246094
2545	10.106134414672852
2546	10.137676239013672
2547	10.12470531463623
2548	10.325016975402832
2549	10.191801071166992
2550	10.033716201782227
2551	10.092127799987793
2552	9.95518970489502
2553	9.941141128540039
2554	10.087752342224121
2555	9.981409072875977
2556	10.153879165649414
2557	10.220032691955566
2558	10.06421947479248
2559	10.020503997802734
2560	9.9390230178833
2561	10.099471092224121
2562	10.031837463378906
2563	10.014290809631348
2564	10.007131576538086
2565	10.220974922180176
2566	10.026219367980957
2567	9.996026992797852
2568	10.12407112121582
2569	10.048134803771973
2570	10.287864685058594
2571	9.99575138092041
2572	9.93521499633789
2573	10.209423065185547
2574	10.169238090515137
2575	10.022383689880371
2576	9.96539306640625
2577	9.921585083007813
2578	10.030937194824219
2579	9.961740493774414
2580	9.966971397399902
2581	9.851733207702637
2582	9.87296199798584
2583	9.851691246032715
2584	9.927422523498535
2585	9.964272499084473
2586	10.054219245910645
2587	9.946128845214844
2588	9.809601783752441
2589	9.957231521606445
2590	9.84317398071289
2591	9.950296401977539
2592	9.87839126586914
2593	9.94530200958252
2594	9.882658004760742
2595	9.729145050048828
2596	9.832649230957031
2597	9.87929630279541
2598	10.067258834838867
2599	9.986563682556152
2600	9.887014389038086
2601	9.984251976013184
2602	10.124251365661621
2603	10.16944694519043
2604	10.056097984313965
2605	9.839015007019043
2606	9.981070518493652
2607	9.861808776855469
2608	9.928378105163574
2609	9.860406875610352
2610	9.931700706481934
2611	10.050570487976074
2612	9.955863952636719
2613	10.007829666137695
2614	9.95879077911377
2615	9.846675872802734
2616	9.881223678588867
2617	9.8195161819458
2618	9.89021110534668
2619	9.780845642089844
2620	9.937104225158691
2621	9.893108367919922
2622	9.986583709716797
2623	10.024612426757813
2624	9.948430061340332
2625	9.945369720458984
2626	9.672736167907715
2627	9.905712127685547
2628	9.871357917785645
2629	9.902613639831543
2630	9.934375762939453
2631	10.033143997192383
2632	10.02332592010498
2633	9.894513130187988
2634	9.89387035369873
2635	9.806984901428223
2636	9.82361888885498
2637	9.928532600402832
2638	9.887807846069336
2639	9.958553314208984
2640	9.912297248840332
2641	9.822744369506836
2642	9.853864669799805
2643	9.887782096862793
2644	9.77404499053955
