Frame	Distance
0	5.853823661804199
1	5.853823661804199
2	3.7159764766693115
3	3.3794023990631104
4	3.2485451698303223
5	3.2937748432159424
6	3.4450182914733887
7	3.2502434253692627
8	3.2521257400512695
9	3.457057476043701
10	5.300645351409912
11	5.204603672027588
12	4.026243209838867
13	5.1347784996032715
14	5.541441917419434
15	5.45871114730835
16	4.781346321105957
17	5.099668502807617
18	5.28858757019043
19	5.187870025634766
20	5.314826965332031
21	5.4283127784729
22	5.267734050750732
23	5.514254093170166
24	5.436944484710693
25	5.495543003082275
26	5.463331699371338
27	4.427852630615234
28	4.003316879272461
29	5.597537040710449
30	4.504344463348389
31	4.335762023925781
32	5.395440101623535
33	4.338381767272949
34	5.352928638458252
35	5.560143947601318
36	5.246376037597656
37	5.2530035972595215
38	4.919091701507568
39	5.173363208770752
40	5.324923992156982
41	4.861791610717773
42	5.11262845993042
43	4.748351097106934
44	4.880927562713623
45	4.633071422576904
46	5.11549186706543
47	4.389153480529785
48	5.1795244216918945
49	4.790780544281006
50	4.726404666900635
51	4.572325706481934
52	5.349983215332031
53	3.609867811203003
54	4.463513374328613
55	4.316802024841309
56	4.273809432983398
57	3.2235195636749268
58	3.541966676712036
59	4.66887092590332
60	5.325786113739014
61	4.800737380981445
62	4.579550743103027
63	4.406772613525391
64	4.9633331298828125
65	5.010981559753418
66	4.904872894287109
67	4.78676700592041
68	3.6545519828796387
69	3.128110408782959
70	3.2432334423065186
71	3.257781982421875
72	3.151144027709961
73	3.552891969680786
74	3.3351287841796875
75	3.445326566696167
76	3.080228090286255
77	3.2989325523376465
78	3.518690824508667
79	3.705286741256714
80	3.448639154434204
81	3.503178596496582
82	3.5224053859710693
83	3.482403039932251
84	3.4377872943878174
85	3.0551655292510986
86	3.529567241668701
87	3.4801619052886963
88	3.4780478477478027
89	3.413456916809082
90	3.4259743690490723
91	3.334859609603882
92	3.5185294151306152
93	3.467586040496826
94	3.522035837173462
95	3.447446346282959
96	3.5524239540100098
97	3.4402172565460205
98	3.6519625186920166
99	3.70469069480896
100	3.616806745529175
101	3.284456968307495
102	3.4927330017089844
103	2.9286839962005615
104	4.339905738830566
105	2.819474458694458
106	7.020442962646484
107	3.714080572128296
108	4.200212478637695
109	4.859964847564697
110	3.886655569076538
111	3.6087229251861572
112	4.018749237060547
113	4.86363410949707
114	5.0704755783081055
115	5.4001359939575195
116	4.876364707946777
117	3.4678232669830322
118	3.8342580795288086
119	4.824681282043457
120	5.119717121124268
121	4.944406032562256
122	4.91960334777832
123	4.785711288452148
124	3.2321910858154297
125	3.4192330837249756
126	3.943121910095215
127	5.920478820800781
128	3.666896343231201
129	3.4611926078796387
130	3.8271186351776123
131	2.6436350345611572
132	3.5630428791046143
133	4.978285789489746
134	5.194820880889893
135	4.90319299697876
136	5.254115104675293
137	4.933436870574951
138	4.454147815704346
139	4.73222541809082
140	5.029168128967285
141	4.922898292541504
142	5.6376166343688965
143	4.538280010223389
144	5.387511253356934
145	5.18735933303833
146	4.513447284698486
147	5.4532036781311035
148	4.350186824798584
149	4.404541969299316
150	5.483790397644043
151	4.073520183563232
152	6.7123894691467285
153	3.692298650741577
154	3.970823049545288
155	2.8082504272460938
156	3.729867458343506
157	3.2392354011535645
158	3.955902338027954
159	3.261432409286499
160	3.9046483039855957
161	3.4982516765594482
162	4.094607830047607
163	5.226077079772949
164	4.635095596313477
165	4.866815090179443
166	4.055131912231445
167	3.5993025302886963
168	3.7194173336029053
169	3.7642409801483154
170	3.5168325901031494
171	4.389800071716309
172	3.7916181087493896
173	3.332690954208374
174	3.284888505935669
175	3.5341238975524902
176	4.4761481285095215
177	4.549193859100342
178	4.310242176055908
179	4.1313910484313965
180	4.478820323944092
181	3.7279722690582275
182	3.34804105758667
183	3.151160955429077
184	3.3462679386138916
185	3.7977428436279297
186	4.020476818084717
187	3.866330623626709
188	3.6969215869903564
189	3.399979591369629
190	3.286780595779419
191	4.111044883728027
192	4.2045087814331055
193	3.6990549564361572
194	3.582245349884033
195	4.691244125366211
196	3.2486655712127686
197	4.49614143371582
198	4.777370452880859
199	5.198602199554443
200	4.288175582885742
201	4.120383262634277
202	3.602372169494629
203	3.7415101528167725
204	3.5879905223846436
205	3.8045499324798584
206	4.1729817390441895
207	4.072821140289307
208	4.760499000549316
209	5.211771488189697
210	3.5269665718078613
211	4.16459846496582
212	4.163145065307617
213	3.7467052936553955
214	4.280961990356445
215	4.453098773956299
216	5.9516730308532715
217	5.836121082305908
218	4.3796234130859375
219	4.538052082061768
220	3.3157734870910645
221	4.359112739562988
222	3.9254517555236816
223	4.589738368988037
224	4.302258014678955
225	3.188832998275757
226	3.5379419326782227
227	3.5250701904296875
228	3.935485601425171
229	3.345957040786743
230	5.605468273162842
231	3.7596333026885986
232	3.7583208084106445
233	4.172374248504639
234	3.8594391345977783
235	4.63435697555542
236	4.483412742614746
237	4.949321269989014
238	3.7333006858825684
239	4.682228088378906
240	4.733354568481445
241	4.66578483581543
242	4.675034046173096
243	4.339535713195801
244	4.373902320861816
245	4.689741611480713
246	4.747565746307373
247	4.920485496520996
248	4.325552940368652
249	4.9923415184021
250	4.160380840301514
251	5.792913436889648
252	5.291950225830078
253	5.104039192199707
254	5.003823757171631
255	4.378812789916992
256	4.368706226348877
257	4.089378356933594
258	4.8049540519714355
259	4.830905914306641
260	4.736876964569092
261	5.099905490875244
262	4.595216751098633
263	5.0324225425720215
264	6.915332794189453
265	4.830226421356201
266	3.3857009410858154
267	4.463143825531006
268	4.135162830352783
269	4.040458679199219
270	3.8854691982269287
271	3.9574480056762695
272	5.328513145446777
273	5.51585578918457
274	4.444644451141357
275	4.283677577972412
276	4.046717643737793
277	4.863194942474365
278	4.578253746032715
279	4.132835388183594
280	5.190871715545654
281	4.168670654296875
282	4.313363552093506
283	4.783068656921387
284	4.244728088378906
285	4.854006290435791
286	4.3311238288879395
287	4.294602870941162
288	4.475316047668457
289	4.596806526184082
290	4.016329765319824
291	4.279174327850342
292	4.346719741821289
293	4.200680732727051
294	4.748828887939453
295	4.643060207366943
296	3.628615140914917
297	3.856743097305298
298	3.8417036533355713
299	3.7160871028900146
300	3.8044276237487793
301	3.7488646507263184
302	3.466858148574829
303	3.6998188495635986
304	3.4201254844665527
305	4.239638805389404
306	4.26285457611084
307	3.643911838531494
308	3.988142490386963
309	4.547890663146973
310	4.866635799407959
311	4.668171405792236
312	4.218244552612305
313	5.004261493682861
314	4.204858303070068
315	4.3792924880981445
316	4.509056091308594
317	4.506017208099365
318	4.883916854858398
319	4.888424396514893
320	4.517288684844971
321	4.578478813171387
322	4.450974464416504
323	4.360714435577393
324	4.399156093597412
325	4.442101955413818
326	3.681731939315796
327	5.010069370269775
328	4.96834135055542
329	4.8927130699157715
330	3.7040915489196777
331	4.415889739990234
332	4.124104976654053
333	4.431647777557373
334	4.399286270141602
335	4.375787734985352
336	4.316327095031738
337	4.085145950317383
338	4.592416763305664
339	4.300233840942383
340	4.214132308959961
341	4.333539009094238
342	4.718041896820068
343	5.515008926391602
344	4.483458042144775
345	5.259236812591553
346	4.571896076202393
347	5.3823370933532715
348	4.304327487945557
349	4.729317665100098
350	5.00939416885376
351	4.0876994132995605
352	4.651625633239746
353	4.273190498352051
354	4.297814846038818
355	4.726984977722168
356	4.397603988647461
357	4.694984436035156
358	3.9152326583862305
359	4.1412529945373535
360	5.359254837036133
361	4.650889873504639
362	4.484039306640625
363	3.854159355163574
364	4.383530139923096
365	3.9683339595794678
366	4.444593906402588
367	3.8410613536834717
368	4.043854236602783
369	3.8874313831329346
370	3.2247772216796875
371	4.083168029785156
372	4.322927951812744
373	4.075382232666016
374	3.97483491897583
375	3.9433815479278564
376	3.682216167449951
377	3.515813112258911
378	3.831199884414673
379	3.629912853240967
380	3.908846378326416
381	4.407726287841797
382	5.128503322601318
383	5.645082950592041
384	5.07593297958374
385	4.986959457397461
386	6.04230260848999
387	6.4085869789123535
388	5.649595737457275
389	3.3561251163482666
390	5.658104419708252
391	4.621145248413086
392	3.575993537902832
393	2.9321374893188477
394	3.1833484172821045
395	6.051850318908691
396	6.236846923828125
397	3.6661109924316406
398	5.5647406578063965
399	5.539072036743164
400	4.98667049407959
401	5.470007419586182
402	5.060036659240723
403	5.295771598815918
404	5.665838241577148
405	6.657298564910889
406	5.707682132720947
407	5.649904727935791
408	5.8698201179504395
409	6.02835750579834
410	6.12705659866333
411	3.011761426925659
412	3.5140271186828613
413	4.929152011871338
414	3.5317509174346924
415	4.010321140289307
416	5.86128044128418
417	3.849754571914673
418	3.9773921966552734
419	3.4034171104431152
420	5.06924295425415
421	4.298625946044922
422	3.5283892154693604
423	2.9642181396484375
424	3.1200544834136963
425	3.324934720993042
426	4.946863651275635
427	5.217092514038086
428	5.025147914886475
429	6.049648284912109
430	3.436014175415039
431	5.386537551879883
432	4.742161273956299
433	5.890167236328125
434	3.756094217300415
435	3.6267073154449463
436	2.9913392066955566
437	4.170704364776611
438	3.6819846630096436
439	4.107668399810791
440	3.7380223274230957
441	4.095401287078857
442	4.481278419494629
443	3.1800215244293213
444	4.150049209594727
445	3.931100606918335
446	4.225916862487793
447	3.9422807693481445
448	3.9162356853485107
449	4.152857303619385
450	3.3430533409118652
451	3.765277862548828
452	4.120007038116455
453	5.1363019943237305
454	3.994770050048828
455	3.8124289512634277
456	3.462352752685547
457	3.9912233352661133
458	4.171971797943115
459	4.448452472686768
460	4.13320255279541
461	4.036332607269287
462	3.6015219688415527
463	4.554842948913574
464	3.3840091228485107
465	4.786332130432129
466	4.084866523742676
467	4.186668872833252
468	3.6657941341400146
469	4.136954307556152
470	3.4952497482299805
471	3.59509539604187
472	4.34727668762207
473	4.469026565551758
474	4.190957069396973
475	3.858128786087036
476	3.735645055770874
477	4.09830379486084
478	4.19592809677124
479	5.403872489929199
480	3.924060821533203
481	4.226604461669922
482	3.8390684127807617
483	3.7406764030456543
484	3.8368327617645264
485	4.267951488494873
486	5.643266201019287
487	3.6383252143859863
488	3.889331579208374
489	5.312348365783691
490	5.515629291534424
491	5.313080310821533
492	5.516505718231201
493	5.372356414794922
494	4.677861213684082
495	6.423511028289795
496	4.857101917266846
497	6.22991943359375
498	5.8730149269104
499	5.33819055557251
500	4.600333213806152
501	3.63247013092041
502	3.600458860397339
503	3.955498456954956
504	4.134119033813477
505	3.5473363399505615
506	3.5771098136901855
507	3.6439688205718994
508	3.4556477069854736
509	3.5106592178344727
510	4.013962745666504
511	4.036830902099609
512	3.2011806964874268
513	3.6494503021240234
514	4.03733491897583
515	4.034226894378662
516	3.953284740447998
517	4.253620624542236
518	3.93511700630188
519	3.1960442066192627
520	3.332512855529785
521	3.429981231689453
522	3.473053216934204
523	4.030988693237305
524	3.7053005695343018
525	3.9898061752319336
526	3.699329376220703
527	2.8236522674560547
528	4.162082672119141
529	3.598088026046753
530	3.7927582263946533
531	1.686065435409546
532	2.202805280685425
533	2.1419179439544678
534	2.090355634689331
535	2.177076816558838
536	1.7711493968963623
537	1.7583004236221313
538	1.8724901676177979
539	1.6613227128982544
540	1.7198913097381592
541	1.7862167358398438
542	1.7628358602523804
543	1.7500468492507935
544	1.7116763591766357
545	2.1034207344055176
546	1.7798621654510498
547	1.8886606693267822
548	1.8215912580490112
549	1.658374547958374
550	1.5331964492797852
551	2.0431830883026123
552	1.7290548086166382
553	1.615447998046875
554	3.509612798690796
555	4.084109306335449
556	3.856445789337158
557	3.832044839859009
558	1.6924821138381958
559	3.6040921211242676
560	4.066567897796631
561	5.002852916717529
562	4.273241996765137
563	5.263746738433838
564	4.3754754066467285
565	3.7677180767059326
566	3.493924379348755
567	4.309539794921875
568	4.2754364013671875
569	3.8454360961914062
570	3.9082648754119873
571	5.373485088348389
572	6.326841831207275
573	5.8002095222473145
574	5.976730823516846
575	3.9203312397003174
576	3.600423812866211
577	4.444717884063721
578	5.5417866706848145
579	6.009511470794678
580	5.075199127197266
581	5.097955226898193
582	4.6950788497924805
583	3.8482213020324707
584	5.727105140686035
585	4.828256130218506
586	4.644221305847168
587	4.810061931610107
588	4.200011730194092
589	4.367807865142822
590	4.326602935791016
591	4.145392894744873
592	4.845277309417725
593	4.718471050262451
594	4.411290645599365
595	4.234241008758545
596	3.7900402545928955
597	3.8058207035064697
598	3.732971429824829
599	3.921104907989502
600	4.3621697425842285
601	4.538517475128174
602	3.693559169769287
603	3.8146259784698486
604	5.058465957641602
605	3.6073710918426514
606	3.3261842727661133
607	4.753457069396973
608	4.430088996887207
609	4.741683483123779
610	3.865067958831787
611	4.719898223876953
612	4.822948932647705
613	3.7170963287353516
614	3.2052948474884033
615	3.897789239883423
616	3.913663148880005
617	3.553273916244507
618	4.597747325897217
619	4.991426944732666
620	4.905595302581787
621	5.128298759460449
622	4.25364351272583
623	4.69175386428833
624	4.793124198913574
625	4.795897483825684
626	4.362180233001709
627	4.374274253845215
628	4.616827011108398
629	5.083175182342529
630	4.665674209594727
631	4.754262447357178
632	5.1656670570373535
633	4.442735195159912
634	4.520532608032227
635	3.5172555446624756
636	3.875138998031616
637	4.007617473602295
638	3.8367388248443604
639	3.7803518772125244
640	3.8250904083251953
641	4.8604912757873535
642	3.5147202014923096
643	3.5022573471069336
644	3.9044535160064697
645	3.7849414348602295
646	3.6726033687591553
647	3.8907809257507324
648	2.8704636096954346
649	1.7506874799728394
650	3.3549230098724365
651	3.444948434829712
652	3.4248876571655273
653	3.718430519104004
654	4.053170680999756
655	5.247351169586182
656	3.5510504245758057
657	3.532163381576538
658	3.7120096683502197
659	3.8667309284210205
660	3.7219409942626953
661	4.222120761871338
662	4.203344345092773
663	3.7891006469726562
664	5.058006286621094
665	4.438892364501953
666	4.2566819190979
667	3.8349270820617676
668	3.1629819869995117
669	4.6501312255859375
670	3.352339267730713
671	3.097214937210083
672	4.138535022735596
673	3.4984655380249023
674	4.9560933113098145
675	4.466090202331543
676	5.1123247146606445
677	4.250191688537598
678	4.982244968414307
679	4.442328929901123
680	4.56584358215332
681	4.42003870010376
682	4.384406566619873
683	4.851955413818359
684	6.456460952758789
685	3.2953083515167236
686	5.608016490936279
687	4.617818832397461
688	6.91226863861084
689	8.109410285949707
690	7.09946346282959
691	6.6281418800354
692	7.565911293029785
693	7.762362480163574
694	7.770023345947266
695	9.963943481445312
696	9.825116157531738
697	8.084293365478516
698	7.328929901123047
699	5.23076868057251
700	4.8414530754089355
701	4.712664604187012
702	4.362469673156738
703	3.951645612716675
704	4.773036956787109
705	4.088679313659668
706	4.6860857009887695
707	4.082056999206543
708	4.561588764190674
709	4.529567718505859
710	4.64021110534668
711	4.717302322387695
712	5.06351900100708
713	4.231781959533691
714	5.062532424926758
715	3.5999951362609863
716	3.658677339553833
717	4.109892845153809
718	3.3375532627105713
719	3.4853103160858154
720	3.711106061935425
721	3.738964080810547
722	3.5480055809020996
723	3.5213921070098877
724	4.362384796142578
725	3.320464611053467
726	3.6195099353790283
727	3.939619541168213
728	3.8400676250457764
729	3.4456851482391357
730	4.716921806335449
731	4.6305928230285645
732	4.742466449737549
733	4.662850856781006
734	3.6164357662200928
735	4.399697303771973
736	4.562210559844971
737	4.782751083374023
738	4.965044021606445
739	4.665892124176025
740	4.486710071563721
741	4.686279773712158
742	4.532508850097656
743	4.302515029907227
744	4.828799724578857
745	4.603476047515869
746	4.224071025848389
747	4.764341831207275
748	4.613544464111328
749	4.617334365844727
750	4.659905433654785
751	3.9845478534698486
752	2.6079604625701904
753	4.173050880432129
754	4.324501037597656
755	3.694075345993042
756	3.2877368927001953
757	4.249506950378418
758	4.582823276519775
759	4.373357772827148
760	4.482396125793457
761	4.201283931732178
762	4.31528902053833
763	4.719799041748047
764	4.360668659210205
765	4.595411777496338
766	4.868031978607178
767	4.482573986053467
768	4.407379627227783
769	4.806267261505127
770	4.7210469245910645
771	4.632504940032959
772	3.996184825897217
773	4.338738441467285
774	4.727576732635498
775	4.002444744110107
776	4.39477014541626
777	4.534461498260498
778	4.416285037994385
779	4.053139686584473
780	4.713073253631592
781	4.953593730926514
782	3.5158445835113525
783	3.158956289291382
784	3.2354722023010254
785	3.025399684906006
786	3.777320384979248
787	4.416149139404297
788	4.531064033508301
789	4.4641804695129395
790	4.327914714813232
791	3.9037063121795654
792	3.648228168487549
793	4.068002223968506
794	3.7768404483795166
795	3.652862548828125
796	3.2729594707489014
797	3.5238544940948486
798	3.705096483230591
799	3.3898329734802246
800	4.191988945007324
801	3.983262538909912
802	3.5289669036865234
803	4.132999420166016
804	3.7803046703338623
805	3.818861246109009
806	3.87722110748291
807	4.014827251434326
808	4.028100967407227
809	3.6486399173736572
810	2.862549304962158
811	3.909924030303955
812	3.943584680557251
813	3.544384002685547
814	4.00209903717041
815	3.5698819160461426
816	4.381703853607178
817	3.49118709564209
818	3.977619171142578
819	3.652090311050415
820	4.4535603523254395
821	3.670494794845581
822	3.795933246612549
823	5.1434807777404785
824	4.287353038787842
825	3.310861349105835
826	3.442362070083618
827	4.638291835784912
828	3.8846797943115234
829	4.122546195983887
830	3.9027178287506104
831	4.026040554046631
832	4.112149715423584
833	3.4763998985290527
834	3.832395315170288
835	3.831498861312866
836	3.4303979873657227
837	5.1884026527404785
838	4.927210330963135
839	4.3736419677734375
840	4.648526668548584
841	4.589777946472168
842	5.1860222816467285
843	4.958868980407715
844	5.023641586303711
845	5.166024208068848
846	5.008645057678223
847	4.623030662536621
848	4.525900363922119
849	4.908134937286377
850	4.076138496398926
851	5.332519054412842
852	4.742133617401123
853	4.198219299316406
854	4.690776824951172
855	4.101515769958496
856	4.745263576507568
857	3.4153313636779785
858	4.963204383850098
859	2.824422836303711
860	4.175028324127197
861	3.818859815597534
862	3.919046401977539
863	3.594449281692505
864	3.9222798347473145
865	3.173784017562866
866	2.997122287750244
867	3.399916410446167
868	3.6530404090881348
869	3.5682082176208496
870	2.8614697456359863
871	4.757005214691162
872	4.898466110229492
873	3.9791295528411865
874	3.806096076965332
875	4.976260662078857
876	5.0430707931518555
877	5.289275646209717
878	4.521546363830566
879	4.708218574523926
880	4.873131275177002
881	4.304973602294922
882	4.481452465057373
883	4.143899440765381
884	4.38217306137085
885	4.393035411834717
886	4.066803455352783
887	4.511788845062256
888	4.141361236572266
889	4.602624416351318
890	4.6283488273620605
891	3.816148281097412
892	4.292510986328125
893	4.869563102722168
894	4.003928184509277
895	4.073836326599121
896	4.081416606903076
897	5.324276924133301
898	3.7132811546325684
899	3.9121439456939697
900	3.60452938079834
901	4.029242038726807
902	3.6458544731140137
903	3.1224007606506348
904	3.875897169113159
905	3.0465822219848633
906	3.5672290325164795
907	3.930309772491455
908	3.815650224685669
909	3.382812261581421
910	2.8014302253723145
911	4.466691493988037
912	3.7296946048736572
913	4.858880519866943
914	4.651291370391846
915	4.484633922576904
916	5.224520683288574
917	4.799475193023682
918	4.707489013671875
919	5.8062944412231445
920	4.876148223876953
921	4.658775329589844
922	4.058943748474121
923	4.607323169708252
924	4.765902519226074
925	4.608156204223633
926	4.305891036987305
927	4.1637372970581055
928	4.479146957397461
929	4.5377607345581055
930	4.617633819580078
931	4.581900119781494
932	4.660945892333984
933	4.032033443450928
934	4.182407855987549
935	4.392546653747559
936	4.661984920501709
937	4.218220233917236
938	4.162362098693848
939	4.397771835327148
940	4.737054347991943
941	4.705282211303711
942	3.1917080879211426
943	3.590695381164551
944	3.974898099899292
945	3.543768882751465
946	4.031993389129639
947	3.7114877700805664
948	3.216240167617798
949	3.299453020095825
950	4.197245121002197
951	3.6267871856689453
952	3.6948890686035156
953	3.924260377883911
954	3.797044038772583
955	3.953094244003296
956	2.8590011596679688
957	3.390923261642456
958	4.397131443023682
959	4.689934730529785
960	5.106372833251953
961	4.62540340423584
962	4.861263751983643
963	4.407774925231934
964	4.776668548583984
965	4.062660217285156
966	4.053341865539551
967	4.532754421234131
968	4.591083526611328
969	4.829862117767334
970	4.242339611053467
971	4.523501873016357
972	4.178173065185547
973	4.103558540344238
974	4.431369781494141
975	3.923401355743408
976	4.440913200378418
977	4.440608501434326
978	4.609764575958252
979	4.1124067306518555
980	4.513301849365234
981	4.5038371086120605
982	4.341474533081055
983	4.996659278869629
984	4.4618988037109375
985	4.45852518081665
986	4.317610740661621
987	4.714797496795654
988	4.660580158233643
989	4.715883731842041
990	5.097513675689697
991	4.587894439697266
992	5.0345587730407715
993	5.10396146774292
994	4.6001081466674805
995	4.0119733810424805
996	2.8548388481140137
997	5.224957466125488
998	4.129674911499023
999	4.826623439788818
1000	5.293956756591797
1001	4.494516372680664
1002	4.588990211486816
1003	4.582339763641357
1004	4.393102645874023
1005	4.60013484954834
1006	4.353031158447266
1007	4.527602672576904
1008	4.129585266113281
1009	4.314441204071045
1010	4.825852394104004
1011	4.518953800201416
1012	4.244104385375977
1013	4.786680221557617
1014	4.543588161468506
1015	4.581265449523926
1016	4.521946907043457
1017	4.419556617736816
1018	4.092573642730713
1019	4.553536891937256
1020	4.8541646003723145
1021	4.449068069458008
1022	3.9613425731658936
1023	4.46431827545166
1024	4.30414342880249
1025	3.9713635444641113
1026	4.569079399108887
1027	4.381016254425049
1028	4.284427165985107
1029	4.101832866668701
1030	4.856043815612793
1031	4.522668838500977
1032	4.132232666015625
1033	4.353895664215088
1034	4.273246765136719
1035	4.522087574005127
1036	4.737611293792725
1037	4.801044464111328
1038	4.8060102462768555
1039	4.806633949279785
1040	4.284092903137207
1041	2.9494173526763916
1042	3.6819050312042236
1043	3.919236421585083
1044	3.906309127807617
1045	3.581055164337158
1046	4.114460468292236
1047	3.296170949935913
1048	4.356520175933838
1049	3.902822256088257
1050	3.6992568969726562
1051	4.660858154296875
1052	4.16876220703125
1053	3.8127975463867188
1054	4.347777843475342
1055	3.7028286457061768
1056	4.627591609954834
1057	3.5979998111724854
1058	3.8361544609069824
1059	4.360538005828857
1060	4.598923683166504
1061	4.150665760040283
1062	3.7144312858581543
1063	3.530787944793701
1064	3.958261489868164
1065	3.700587749481201
1066	3.4989519119262695
1067	4.122352600097656
1068	3.789357900619507
1069	3.2590203285217285
1070	4.725951671600342
1071	3.6425750255584717
1072	3.6924681663513184
1073	4.089695453643799
1074	3.679699182510376
1075	3.9865708351135254
1076	4.548460960388184
1077	4.65913724899292
1078	4.053133487701416
1079	4.257771968841553
1080	4.150504112243652
1081	4.6655402183532715
1082	3.889984369277954
1083	5.127201557159424
1084	3.8328609466552734
1085	4.48374080657959
1086	4.303473949432373
1087	4.498958587646484
1088	3.2695670127868652
1089	4.348034858703613
1090	3.6579718589782715
1091	3.9341158866882324
1092	3.6974265575408936
1093	3.8897085189819336
1094	3.9522039890289307
1095	4.021008014678955
1096	3.599388599395752
1097	3.4216599464416504
1098	2.547910451889038
1099	4.01338005065918
1100	4.091481685638428
1101	4.329475402832031
1102	3.7193074226379395
1103	4.513038158416748
1104	4.163109302520752
1105	3.9301702976226807
1106	3.551532745361328
1107	3.4756298065185547
1108	4.276281356811523
1109	3.3720474243164062
1110	4.594841003417969
1111	3.407179832458496
1112	3.82597279548645
1113	3.9356577396392822
1114	3.658839702606201
1115	4.368385314941406
1116	3.6559958457946777
1117	4.409243583679199
1118	3.597599506378174
1119	3.9280622005462646
1120	3.2381808757781982
1121	3.507687568664551
1122	4.022216320037842
1123	3.687500476837158
1124	3.3925838470458984
1125	3.728073835372925
1126	3.683042287826538
1127	3.5858891010284424
1128	3.3526611328125
1129	3.7660717964172363
1130	4.11460018157959
1131	3.1104836463928223
1132	4.533568382263184
1133	4.875266075134277
1134	4.190217018127441
1135	4.147670269012451
1136	4.946451187133789
1137	4.435853958129883
1138	4.430779457092285
1139	4.440347671508789
1140	4.399013042449951
1141	4.398076057434082
1142	4.010072231292725
1143	4.587573528289795
1144	3.9938037395477295
1145	4.26240873336792
1146	4.739975452423096
1147	4.444042682647705
1148	4.601245880126953
1149	4.910161972045898
1150	4.768111228942871
1151	4.507842063903809
1152	4.677023410797119
1153	4.488116264343262
1154	4.790882587432861
1155	4.017477989196777
1156	4.599817752838135
1157	4.88677453994751
1158	4.534188747406006
1159	4.310131549835205
1160	4.447704792022705
1161	4.7508440017700195
1162	4.535312175750732
1163	4.891132831573486
1164	4.760872840881348
1165	4.849114894866943
1166	4.692933559417725
1167	4.817851543426514
1168	4.2388505935668945
1169	4.697319984436035
1170	4.340305328369141
1171	4.454080104827881
1172	4.774184703826904
1173	4.393941402435303
1174	4.3100504875183105
1175	4.567555904388428
1176	4.124351978302002
1177	4.05526065826416
1178	4.342243194580078
1179	4.290957450866699
1180	5.053349494934082
1181	4.4315009117126465
1182	4.389043807983398
1183	4.535318374633789
1184	4.979584693908691
1185	3.960280656814575
1186	4.615154266357422
1187	5.057956218719482
1188	4.467092990875244
1189	4.580543041229248
1190	4.563319206237793
1191	3.6899726390838623
1192	4.851398468017578
1193	4.418841361999512
1194	4.141712188720703
1195	4.441258907318115
1196	6.560435771942139
1197	4.616954326629639
1198	4.655175685882568
1199	3.996532678604126
1200	3.5215954780578613
1201	4.488245010375977
1202	4.695545673370361
1203	3.6565990447998047
1204	4.535977363586426
1205	3.6099812984466553
1206	4.011069297790527
1207	5.0011091232299805
1208	4.484116554260254
1209	4.721068382263184
1210	4.543585777282715
1211	5.542945861816406
1212	4.817212104797363
1213	4.550731658935547
1214	4.587348937988281
1215	4.139718532562256
1216	4.497219085693359
1217	4.07508659362793
1218	4.249269008636475
1219	4.621098518371582
1220	4.511739253997803
1221	4.580324649810791
1222	4.7183451652526855
1223	4.645016670227051
1224	4.676700592041016
1225	3.698983669281006
1226	6.207772731781006
1227	4.7279276847839355
1228	4.363706111907959
1229	4.22996187210083
1230	5.0281195640563965
1231	5.4189019203186035
1232	4.396109580993652
1233	3.5858266353607178
1234	4.811534404754639
1235	4.448638916015625
1236	5.575435161590576
1237	5.205945014953613
1238	4.504418849945068
1239	5.067469120025635
1240	4.2016520500183105
1241	5.997562885284424
1242	4.80734920501709
1243	4.551626682281494
1244	5.910576820373535
1245	3.586927890777588
1246	3.9887564182281494
1247	3.860764741897583
1248	3.846931219100952
1249	4.034052848815918
1250	4.031352996826172
1251	3.742464303970337
1252	3.7314486503601074
1253	3.397797107696533
1254	3.4183478355407715
1255	3.477038860321045
1256	3.3184945583343506
1257	4.211359024047852
1258	4.472327709197998
1259	4.171754837036133
1260	4.053106784820557
1261	3.077918767929077
1262	4.1089396476745605
1263	4.172469615936279
1264	4.1889777183532715
1265	4.444640636444092
1266	4.085092544555664
1267	4.285700798034668
1268	4.015823841094971
1269	3.8300933837890625
1270	3.5676865577697754
1271	3.9174106121063232
1272	3.8547041416168213
1273	4.1218061447143555
1274	4.192928791046143
1275	3.8987362384796143
1276	3.8320186138153076
1277	4.314510345458984
1278	3.704324960708618
1279	3.453650712966919
1280	4.00831937789917
1281	3.9563543796539307
1282	3.678129196166992
1283	3.479224920272827
1284	4.1564226150512695
1285	4.577894687652588
1286	4.447900772094727
1287	3.929111957550049
1288	4.457667350769043
1289	4.422121047973633
1290	3.8821423053741455
1291	3.607465982437134
1292	3.6559929847717285
1293	4.901036262512207
1294	4.589506149291992
1295	4.540156841278076
1296	3.6262707710266113
1297	3.736703634262085
1298	3.290424346923828
1299	4.550025463104248
1300	3.984180450439453
1301	3.8935248851776123
1302	3.6299476623535156
1303	4.442966938018799
1304	4.379603862762451
1305	4.281801700592041
1306	3.89704966545105
1307	4.566341876983643
1308	4.5987091064453125
1309	4.168704509735107
1310	3.9938735961914062
1311	5.237237930297852
1312	4.259819030761719
1313	4.6293487548828125
1314	4.939779758453369
1315	4.134750843048096
1316	4.994816780090332
1317	4.789247512817383
1318	4.7791571617126465
1319	4.118692398071289
1320	3.475034713745117
1321	3.190422296524048
1322	4.112849712371826
1323	3.95719838142395
1324	3.6238389015197754
1325	3.528526544570923
1326	4.097012042999268
1327	3.6217894554138184
1328	4.607234477996826
1329	3.3380465507507324
1330	4.446109294891357
1331	4.052116394042969
1332	5.221511363983154
1333	4.923177242279053
1334	4.220203399658203
1335	4.2775678634643555
1336	5.454871654510498
1337	4.22177267074585
1338	4.7204909324646
1339	4.432961940765381
1340	4.173020839691162
1341	5.19177770614624
1342	4.247159957885742
1343	4.176164150238037
1344	4.240855693817139
1345	4.674476146697998
1346	4.365710735321045
1347	3.9005415439605713
1348	4.347224712371826
1349	4.242969989776611
1350	4.091614723205566
1351	4.916112899780273
1352	4.781078815460205
1353	4.15562105178833
1354	4.530184268951416
1355	4.522494792938232
1356	4.512496471405029
1357	4.339782238006592
1358	4.477572441101074
1359	4.484417915344238
1360	4.413870334625244
1361	4.965981960296631
1362	5.48817777633667
1363	4.90739107131958
1364	4.668862819671631
1365	4.388340473175049
1366	4.638432502746582
1367	4.357293605804443
1368	4.384915828704834
1369	4.800507545471191
1370	5.034889221191406
1371	4.657881736755371
1372	4.878032207489014
1373	4.2263312339782715
1374	4.537487506866455
1375	4.808818817138672
1376	4.456435203552246
1377	4.193299293518066
1378	4.837555885314941
1379	4.646470069885254
1380	5.217979431152344
1381	4.681159019470215
1382	4.854791641235352
1383	3.9405410289764404
1384	4.18998384475708
1385	4.867288589477539
1386	4.899152755737305
1387	5.051855087280273
1388	4.883788585662842
1389	4.493542671203613
1390	4.078031063079834
1391	4.148193836212158
1392	4.606839179992676
1393	5.120221138000488
1394	4.545698642730713
1395	4.281957626342773
1396	5.478244304656982
1397	5.084961891174316
1398	4.915787696838379
1399	4.584101676940918
1400	3.9477005004882812
1401	4.198763847351074
1402	4.706461429595947
1403	4.135359287261963
1404	6.5905303955078125
1405	5.471934795379639
1406	4.255053520202637
1407	4.482127666473389
1408	4.217581272125244
1409	3.6442151069641113
1410	3.789168119430542
1411	3.6011860370635986
1412	3.979417562484741
1413	4.10502815246582
1414	4.143050193786621
1415	4.50275993347168
1416	5.6652398109436035
1417	4.391413688659668
1418	4.469371795654297
1419	4.189705848693848
1420	4.408754348754883
1421	3.9637935161590576
1422	4.361428260803223
1423	4.73093318939209
1424	4.429225444793701
1425	4.561826705932617
1426	5.277497291564941
1427	4.856825828552246
1428	4.879239082336426
1429	5.158972263336182
1430	4.444390296936035
1431	5.276151657104492
1432	4.6615190505981445
1433	4.631436824798584
1434	4.628558158874512
1435	4.561942100524902
1436	5.3712544441223145
1437	5.408807754516602
1438	4.4774322509765625
1439	4.31895112991333
1440	4.717864990234375
1441	3.8235127925872803
1442	4.1911821365356445
1443	3.336854934692383
1444	3.874676465988159
1445	3.7027196884155273
1446	4.138070583343506
1447	4.73003625869751
1448	3.8591842651367188
1449	3.9764564037323
1450	3.934277296066284
1451	3.6638777256011963
1452	3.9605157375335693
1453	3.8339250087738037
1454	4.164865016937256
1455	4.163288593292236
1456	4.459080219268799
1457	4.284793853759766
1458	4.541266441345215
1459	5.285583972930908
1460	4.536090850830078
1461	5.173168659210205
1462	5.217350006103516
1463	4.567953586578369
1464	4.478895664215088
1465	4.4270339012146
1466	4.9032793045043945
1467	4.541501998901367
1468	4.654566287994385
1469	5.095787525177002
1470	4.175902366638184
1471	5.189246654510498
1472	4.854905605316162
1473	4.833164215087891
1474	4.380525588989258
1475	4.854391098022461
1476	4.5212554931640625
1477	4.385150909423828
1478	4.0800933837890625
1479	4.2513041496276855
1480	5.132132053375244
1481	4.6771063804626465
1482	4.339621067047119
1483	4.425684452056885
1484	4.652868747711182
1485	4.523016452789307
1486	5.310960292816162
1487	4.9152445793151855
1488	4.561315536499023
1489	4.399350643157959
1490	5.241714000701904
1491	4.6223907470703125
1492	3.303273916244507
1493	3.8411316871643066
1494	5.265231132507324
1495	4.449634552001953
1496	4.540751934051514
1497	6.000649929046631
1498	4.836312294006348
1499	4.189449787139893
1500	4.175306797027588
1501	4.066311359405518
1502	5.130484104156494
1503	4.499527454376221
1504	4.255008220672607
1505	4.5026469230651855
1506	4.590322971343994
1507	4.81378698348999
1508	4.649252414703369
1509	4.068971633911133
1510	4.20156192779541
1511	4.052931308746338
1512	4.3697333335876465
1513	4.670963764190674
1514	4.4358906745910645
1515	4.830660343170166
1516	4.636764049530029
1517	4.710480690002441
1518	4.501834392547607
1519	5.867623805999756
1520	4.82097864151001
1521	4.813090801239014
1522	4.936070919036865
1523	4.298570156097412
1524	4.19126558303833
1525	4.776998519897461
1526	4.24695348739624
1527	4.813167572021484
1528	4.349593639373779
1529	4.267543315887451
1530	5.053974151611328
1531	4.551490306854248
1532	5.17770528793335
1533	3.9895710945129395
1534	4.588061809539795
1535	4.497846603393555
1536	4.6704301834106445
1537	4.260524272918701
1538	4.6458048820495605
1539	4.53269100189209
1540	3.915870189666748
1541	4.457642078399658
1542	4.4916157722473145
1543	3.7756857872009277
1544	3.8906567096710205
1545	4.319094181060791
1546	3.373467445373535
1547	3.6183841228485107
1548	3.711113929748535
1549	3.2812552452087402
1550	4.221119403839111
1551	4.259612083435059
1552	4.597965717315674
1553	4.10736608505249
1554	4.1609978675842285
1555	5.255733013153076
1556	4.589799880981445
1557	3.992915153503418
1558	5.156477928161621
1559	4.36641263961792
1560	4.476083755493164
1561	4.382895469665527
1562	4.487641334533691
1563	4.534323215484619
1564	4.457790851593018
1565	3.8546361923217773
1566	3.8950698375701904
1567	3.7795190811157227
1568	3.8278274536132812
1569	2.998436450958252
1570	3.664856433868408
1571	4.274249076843262
1572	3.3575758934020996
1573	3.7688794136047363
1574	4.300058364868164
1575	4.752047538757324
1576	4.217428207397461
1577	3.9257609844207764
1578	4.29417085647583
1579	4.217630863189697
1580	3.8499817848205566
1581	3.9702579975128174
1582	3.8654918670654297
1583	3.657799005508423
1584	3.673032283782959
1585	3.9833736419677734
1586	4.787838459014893
1587	4.672374725341797
1588	4.4908671379089355
1589	5.619321823120117
1590	4.444813251495361
1591	4.428738117218018
1592	4.618080139160156
1593	4.560518264770508
1594	3.576080322265625
1595	4.461925506591797
1596	4.398716926574707
1597	5.054457664489746
1598	4.831884384155273
1599	3.7609479427337646
1600	3.808472156524658
1601	3.9667389392852783
1602	3.7604823112487793
1603	3.6949827671051025
1604	3.951594352722168
1605	3.888273239135742
1606	4.5497002601623535
1607	4.470278739929199
1608	4.272216320037842
1609	4.842267036437988
1610	5.6014628410339355
1611	5.006765842437744
1612	4.8809661865234375
1613	4.978564262390137
1614	4.580203056335449
1615	4.281244277954102
1616	4.598087787628174
1617	4.797230243682861
1618	4.50964879989624
1619	4.622669696807861
1620	4.152289867401123
1621	5.429889678955078
1622	4.857807159423828
1623	4.557733058929443
1624	3.4870798587799072
1625	4.55497407913208
1626	5.291580677032471
1627	4.080234050750732
1628	5.049928188323975
1629	4.731168270111084
1630	3.8884971141815186
1631	4.738900661468506
1632	4.603976726531982
1633	4.688002586364746
1634	4.3030571937561035
1635	4.3453288078308105
1636	5.029561996459961
1637	4.384293556213379
1638	4.385249137878418
1639	4.80134916305542
1640	4.180668354034424
1641	4.368558883666992
1642	4.808703422546387
1643	4.22994327545166
1644	4.923740386962891
1645	4.542133808135986
1646	4.226222515106201
1647	4.568001747131348
1648	4.623504161834717
1649	4.3083953857421875
1650	5.570509433746338
1651	4.690024375915527
1652	4.512584209442139
1653	4.7867960929870605
1654	3.6183242797851562
1655	4.232175350189209
1656	4.740616321563721
1657	3.3748409748077393
1658	3.51414155960083
1659	3.3105506896972656
1660	3.7280490398406982
1661	4.050243854522705
1662	3.4000816345214844
1663	2.7220845222473145
1664	4.321343898773193
1665	4.146914482116699
1666	3.9266271591186523
1667	3.8472366333007812
1668	3.5781867504119873
1669	4.11311149597168
1670	4.141392707824707
1671	3.6360762119293213
1672	2.9453632831573486
1673	3.9507315158843994
1674	3.447552442550659
1675	4.850819110870361
1676	4.283419609069824
1677	4.178904056549072
1678	4.084375858306885
1679	4.959783554077148
1680	5.007874011993408
1681	4.074504852294922
1682	3.950052499771118
1683	4.349477767944336
1684	3.9755218029022217
1685	4.0257720947265625
1686	4.276034355163574
1687	3.804044008255005
1688	3.9600155353546143
1689	4.112874507904053
1690	3.9139769077301025
1691	4.035069465637207
1692	3.4390528202056885
1693	3.6596524715423584
1694	4.428165912628174
1695	3.981009006500244
1696	4.580288410186768
1697	4.379100322723389
1698	3.7650296688079834
1699	4.380137920379639
1700	4.815789699554443
1701	4.963016986846924
1702	4.2927327156066895
1703	4.636295318603516
1704	4.191665172576904
1705	3.9310247898101807
1706	4.067220211029053
1707	3.921035051345825
1708	4.184441566467285
1709	3.5309362411499023
1710	3.6784446239471436
1711	3.954925775527954
1712	3.814913749694824
1713	4.215593338012695
1714	4.889247894287109
1715	3.629565715789795
1716	4.1018805503845215
1717	4.094340801239014
1718	4.3040971755981445
1719	3.4322288036346436
1720	4.642275810241699
1721	4.345466136932373
1722	4.284982204437256
1723	4.360201835632324
1724	4.8174357414245605
1725	5.125163555145264
1726	4.7934651374816895
1727	4.576625347137451
1728	4.666840076446533
1729	4.826107978820801
1730	4.495249271392822
1731	5.045662879943848
1732	4.484429836273193
1733	4.5910420417785645
1734	4.8843994140625
1735	3.9011049270629883
1736	4.7139363288879395
1737	4.146023750305176
1738	3.6813910007476807
1739	4.041525363922119
1740	4.667720794677734
1741	4.275428771972656
1742	4.435431003570557
1743	4.413219451904297
1744	4.736447811126709
1745	4.301492214202881
1746	4.346859931945801
1747	4.394465446472168
1748	4.824497222900391
1749	4.882813930511475
1750	4.426131725311279
1751	4.459986686706543
1752	4.715009689331055
1753	5.054388046264648
1754	4.172304630279541
1755	3.82478404045105
1756	4.292672157287598
1757	4.7542572021484375
1758	4.632985591888428
1759	4.037373065948486
1760	4.619570732116699
1761	4.716975688934326
1762	4.346400737762451
1763	4.4981842041015625
1764	4.822566032409668
1765	4.787038326263428
1766	4.275012969970703
1767	4.077718257904053
1768	3.623983383178711
1769	3.657066822052002
1770	3.980847120285034
1771	3.2753593921661377
1772	4.015538692474365
1773	3.7890167236328125
1774	3.6859240531921387
1775	3.9459574222564697
1776	4.203925132751465
1777	4.065120697021484
1778	4.175157070159912
1779	4.537014007568359
1780	4.290726661682129
1781	4.907986640930176
1782	4.172726631164551
1783	4.4767537117004395
1784	3.7414710521698
1785	3.521364212036133
1786	3.8668229579925537
1787	3.8301141262054443
1788	3.781911611557007
1789	3.7408573627471924
1790	4.036796569824219
1791	4.087917804718018
1792	3.850017786026001
1793	3.278860092163086
1794	4.393620014190674
1795	4.999155044555664
1796	5.037736415863037
1797	4.844540596008301
1798	4.336075305938721
1799	3.891131639480591
1800	4.311466217041016
1801	4.5282182693481445
1802	4.693010330200195
1803	4.499305248260498
1804	4.3089375495910645
1805	4.573556900024414
1806	4.446413516998291
1807	4.749493598937988
1808	4.423492908477783
1809	4.733232498168945
1810	4.7031450271606445
1811	3.7167108058929443
1812	3.461888074874878
1813	3.731161117553711
1814	4.560006618499756
1815	3.925574779510498
1816	4.175933837890625
1817	3.5828285217285156
1818	3.7356162071228027
1819	3.346459150314331
1820	3.992142915725708
1821	3.144582748413086
1822	3.5459725856781006
1823	3.862022876739502
1824	3.444679021835327
1825	2.9885616302490234
1826	3.413196563720703
1827	3.4707682132720947
1828	3.497884750366211
1829	3.917092800140381
1830	3.466683864593506
1831	4.607933044433594
1832	5.153501033782959
1833	4.273741245269775
1834	4.7235612869262695
1835	3.831005811691284
1836	4.070318698883057
1837	4.261329174041748
1838	4.258456707000732
1839	3.497567653656006
1840	3.5474541187286377
1841	4.367860794067383
1842	3.842787981033325
1843	3.5651357173919678
1844	3.9424519538879395
1845	3.7099814414978027
1846	4.125256538391113
1847	4.049400806427002
1848	4.659290313720703
1849	3.2055671215057373
1850	3.3023431301116943
1851	3.78625226020813
1852	3.34660267829895
1853	3.5228593349456787
1854	4.6599225997924805
1855	4.439578533172607
1856	4.6958441734313965
1857	4.253413200378418
1858	3.9363646507263184
1859	4.62100076675415
1860	4.072934150695801
1861	4.893075466156006
1862	3.4114723205566406
1863	4.1728363037109375
1864	3.6226956844329834
1865	3.7937073707580566
1866	3.5372462272644043
1867	3.6822848320007324
1868	3.667051315307617
1869	3.550365924835205
1870	3.3913395404815674
1871	4.374958038330078
1872	4.681543827056885
1873	4.089593410491943
1874	4.274632453918457
1875	4.442015171051025
1876	4.505620956420898
1877	4.006953716278076
1878	4.908809661865234
1879	4.306264400482178
1880	4.3438191413879395
1881	4.396823406219482
1882	3.990163564682007
1883	4.5541768074035645
1884	3.4799444675445557
1885	3.9971160888671875
1886	3.7035346031188965
1887	3.262836217880249
1888	3.695056676864624
1889	5.152888298034668
1890	4.329582214355469
1891	4.333947658538818
1892	3.612993001937866
1893	3.880434274673462
1894	3.5495948791503906
1895	2.9637444019317627
1896	4.012436389923096
1897	3.4929885864257812
1898	4.6308817863464355
1899	4.113900661468506
1900	3.1563937664031982
1901	3.7250335216522217
1902	4.257510662078857
1903	3.603177785873413
1904	3.776597261428833
1905	3.958082675933838
1906	4.456808090209961
1907	3.456967830657959
1908	3.111069440841675
1909	4.639014720916748
1910	3.7694146633148193
1911	3.796600341796875
1912	3.6271793842315674
1913	3.0531394481658936
1914	3.610402822494507
1915	5.449038505554199
1916	3.393878221511841
1917	3.6799657344818115
1918	3.6530144214630127
1919	4.0067243576049805
1920	3.9805819988250732
1921	3.7635536193847656
1922	3.3439600467681885
1923	3.936971664428711
1924	4.177311420440674
1925	4.878267288208008
1926	3.7462000846862793
1927	4.246462821960449
1928	3.881721258163452
1929	3.0492327213287354
1930	4.2204060554504395
1931	3.3099520206451416
1932	4.551452159881592
1933	4.125842571258545
1934	3.141206979751587
1935	3.4820477962493896
1936	3.837120294570923
1937	3.633225679397583
1938	4.056976795196533
1939	4.041285991668701
1940	3.576005458831787
1941	3.5666937828063965
1942	4.662962913513184
1943	4.797067165374756
1944	4.640074729919434
1945	4.38321590423584
1946	4.472355365753174
1947	3.8490962982177734
1948	3.8139994144439697
1949	3.8117496967315674
1950	3.9856839179992676
1951	3.4021711349487305
1952	4.2372355461120605
1953	3.3947694301605225
1954	3.8603320121765137
1955	4.291871547698975
1956	3.426450490951538
1957	3.753819465637207
1958	4.46548318862915
1959	4.992216110229492
1960	4.463541030883789
1961	4.550743103027344
1962	4.255486011505127
1963	4.554237365722656
1964	4.813133716583252
1965	3.83935284614563
1966	4.618316173553467
1967	4.143331527709961
1968	4.258334159851074
1969	4.274377822875977
1970	5.188969135284424
1971	4.455868721008301
1972	3.231578826904297
1973	4.1459431648254395
1974	2.9332027435302734
1975	4.6637396812438965
1976	3.6088311672210693
1977	3.6139843463897705
1978	3.5499513149261475
1979	4.0090250968933105
1980	4.024582386016846
1981	4.93068790435791
1982	3.777946710586548
1983	3.752436637878418
1984	3.708580732345581
1985	3.0628466606140137
1986	3.7630913257598877
1987	3.6274325847625732
1988	3.725224494934082
1989	3.9168541431427
1990	4.304609298706055
1991	4.1248393058776855
1992	3.627992868423462
1993	4.326304912567139
1994	3.6766958236694336
1995	4.561338424682617
1996	3.264096260070801
1997	3.336272716522217
1998	4.256563186645508
1999	4.46319580078125
2000	4.793093204498291
2001	4.757775783538818
2002	4.522686004638672
2003	4.354501724243164
2004	4.989619731903076
2005	5.278946399688721
2006	4.231962203979492
2007	4.626543998718262
2008	4.475215911865234
2009	4.903329372406006
2010	3.7304611206054688
2011	3.695265293121338
2012	3.777052402496338
2013	4.292069435119629
2014	3.6594483852386475
2015	3.688253164291382
2016	3.505924940109253
2017	4.666418552398682
2018	4.333658695220947
2019	4.241127014160156
2020	4.685592174530029
2021	3.9870290756225586
2022	4.328423500061035
2023	4.7659831047058105
2024	4.58812141418457
2025	4.328836917877197
2026	4.314454078674316
2027	4.595139503479004
2028	4.353456497192383
2029	4.545147895812988
2030	4.675912857055664
2031	4.381021976470947
2032	4.293410301208496
2033	4.339632511138916
2034	4.021450996398926
2035	4.2596116065979
2036	5.093719959259033
2037	4.535367012023926
2038	4.610280990600586
2039	5.1463117599487305
2040	4.635659217834473
2041	4.681794166564941
2042	3.691349744796753
2043	3.7440438270568848
2044	3.3543026447296143
2045	3.2604379653930664
2046	3.8303959369659424
2047	4.03995418548584
2048	3.9814746379852295
2049	5.050153732299805
2050	3.7004592418670654
2051	4.090762615203857
2052	4.847590446472168
2053	4.521384239196777
2054	4.893558025360107
2055	4.802501201629639
2056	4.678488254547119
2057	4.275808334350586
2058	4.810423374176025
2059	4.13156270980835
2060	4.349815845489502
2061	3.836148262023926
2062	4.560841083526611
2063	3.8574881553649902
2064	4.161855220794678
2065	3.6222362518310547
2066	5.281695365905762
2067	4.169773101806641
2068	4.762232303619385
2069	4.220500946044922
2070	3.7988743782043457
2071	3.505960702896118
2072	4.603278160095215
2073	3.4548099040985107
2074	3.9681625366210938
2075	3.89634108543396
2076	4.611338138580322
2077	4.159797668457031
2078	4.4499311447143555
2079	4.534395217895508
2080	4.279062271118164
2081	4.297099590301514
2082	4.498653411865234
2083	4.555796146392822
2084	4.230219841003418
2085	4.298891067504883
2086	5.396279335021973
2087	4.8758368492126465
2088	4.68999719619751
2089	4.499678611755371
2090	3.780242919921875
2091	3.4066920280456543
2092	3.9750258922576904
2093	4.082201957702637
2094	3.7679126262664795
2095	3.8589131832122803
2096	4.087985515594482
2097	3.704120635986328
2098	4.2257256507873535
2099	4.063784599304199
2100	3.6483774185180664
2101	3.8019227981567383
2102	5.41934061050415
2103	4.723028182983398
2104	4.332724094390869
2105	4.335962772369385
2106	4.469855785369873
2107	4.4809250831604
2108	4.854671955108643
2109	3.303452253341675
2110	3.377717971801758
2111	3.8986566066741943
2112	3.9557909965515137
2113	4.815356254577637
2114	3.849867343902588
2115	3.333373546600342
2116	3.1956000328063965
2117	4.467379570007324
2118	4.618874549865723
2119	4.604403018951416
2120	4.903597354888916
2121	4.646082878112793
2122	3.5731019973754883
2123	4.097981929779053
2124	3.3248813152313232
2125	4.057825565338135
2126	3.6181163787841797
2127	3.807717800140381
2128	3.570863962173462
2129	3.8487329483032227
2130	4.202887058258057
2131	4.486351013183594
2132	4.205568790435791
2133	3.289841890335083
2134	3.3708364963531494
2135	5.077642440795898
2136	4.392972469329834
2137	3.6388213634490967
2138	3.7667131423950195
2139	3.564378499984741
2140	3.7472293376922607
2141	3.5170857906341553
2142	3.22412109375
2143	3.790262460708618
2144	4.098175048828125
2145	4.248505115509033
2146	4.735457420349121
2147	4.572995662689209
2148	4.024232864379883
2149	4.522461891174316
2150	4.953173637390137
2151	4.084075450897217
2152	4.4095892906188965
2153	4.263770580291748
2154	4.223589897155762
2155	4.766845703125
2156	4.887004852294922
2157	4.47930908203125
2158	4.460326194763184
2159	4.7120771408081055
2160	4.3540215492248535
2161	4.31334114074707
2162	3.9541375637054443
2163	3.204355478286743
2164	3.315530300140381
2165	3.441566228866577
2166	2.9008028507232666
2167	3.7716224193573
2168	3.558152198791504
2169	4.574854850769043
2170	4.237966537475586
2171	4.239665985107422
2172	4.32586669921875
2173	4.755637168884277
2174	5.046592712402344
2175	4.780412197113037
2176	3.66845440864563
2177	4.462892532348633
2178	4.310895919799805
2179	4.340962886810303
2180	4.02392053604126
2181	4.705592632293701
2182	4.4865241050720215
2183	3.3057079315185547
2184	4.276727199554443
2185	4.3160200119018555
2186	4.4800801277160645
2187	4.7261552810668945
2188	3.8130810260772705
2189	4.741453647613525
2190	4.597804546356201
2191	4.358582019805908
2192	4.631723403930664
2193	4.430899620056152
2194	4.578291416168213
2195	4.376279830932617
2196	4.871842384338379
2197	5.461094379425049
2198	5.237981796264648
2199	4.48684549331665
2200	4.714829921722412
2201	5.474361896514893
2202	4.127800941467285
2203	5.280970096588135
2204	4.9700422286987305
2205	5.068211555480957
2206	4.730039119720459
2207	3.563115119934082
2208	4.007205963134766
2209	3.7325305938720703
2210	5.2360992431640625
2211	4.829071044921875
2212	4.158645153045654
2213	4.322254180908203
2214	4.755425453186035
2215	4.717569828033447
2216	4.64395809173584
2217	4.259352207183838
2218	4.185006618499756
2219	5.331707954406738
2220	5.546462059020996
2221	4.937936305999756
2222	3.857039451599121
2223	4.389201641082764
2224	3.667947292327881
2225	4.4320387840271
2226	4.719210147857666
2227	4.973947048187256
2228	4.762126922607422
2229	4.899528503417969
2230	4.350026607513428
2231	5.2565436363220215
2232	5.479366779327393
2233	5.092588424682617
2234	5.283841133117676
2235	5.125681400299072
2236	4.7714457511901855
2237	4.911447048187256
2238	5.0708842277526855
2239	4.64366340637207
2240	4.496072769165039
2241	4.291018962860107
2242	4.8965325355529785
2243	4.015130043029785
2244	3.7340240478515625
2245	4.639953136444092
2246	3.5523452758789062
2247	4.18899393081665
2248	4.228336811065674
2249	4.963414192199707
2250	5.062505722045898
2251	5.221092700958252
2252	5.310537338256836
2253	4.207082748413086
2254	3.7894232273101807
2255	3.752131462097168
2256	3.8042287826538086
2257	4.767969608306885
2258	3.163393974304199
2259	3.8890609741210938
2260	4.1808905601501465
2261	4.0651116371154785
2262	3.5361969470977783
2263	3.7242608070373535
2264	4.172237396240234
2265	4.091545104980469
2266	4.540939807891846
2267	4.042715072631836
2268	3.616171360015869
2269	3.594485282897949
2270	4.268783092498779
2271	4.751999378204346
2272	5.365626811981201
2273	4.066689491271973
2274	4.503960609436035
2275	4.766175746917725
2276	4.27266263961792
2277	5.482688903808594
2278	3.4379026889801025
2279	4.3390350341796875
2280	4.5235161781311035
2281	4.503303527832031
2282	4.401416301727295
2283	4.735832691192627
2284	5.408445358276367
2285	4.825331211090088
2286	5.505980014801025
2287	4.406481742858887
2288	5.072808265686035
2289	4.545376300811768
2290	3.946018695831299
2291	5.081930637359619
2292	5.573564052581787
2293	3.1883671283721924
2294	2.8919239044189453
2295	3.312432289123535
2296	3.6388182640075684
2297	3.81366229057312
2298	4.439496994018555
2299	4.41264533996582
2300	4.59896993637085
2301	4.284732818603516
2302	4.873782634735107
2303	4.380549907684326
2304	4.556936740875244
2305	4.325226783752441
2306	4.474271297454834
2307	4.828466892242432
2308	5.268786430358887
2309	4.810532569885254
2310	4.4668684005737305
2311	4.674713611602783
2312	4.587632656097412
2313	4.358343124389648
2314	4.642655372619629
2315	4.736235618591309
2316	3.972029209136963
2317	4.791158676147461
2318	4.783949851989746
2319	4.561429500579834
2320	4.4913530349731445
2321	4.646526336669922
2322	4.746102809906006
2323	4.557209014892578
2324	4.56831693649292
2325	3.8453433513641357
2326	4.584210395812988
2327	4.631983280181885
2328	4.383647441864014
2329	5.533647537231445
2330	4.710024833679199
2331	5.138650894165039
2332	4.693728446960449
2333	3.1691079139709473
2334	4.453935623168945
2335	4.2683234214782715
2336	4.661847114562988
2337	4.962839126586914
2338	4.690840721130371
2339	4.997379302978516
2340	5.084822177886963
2341	4.047018051147461
2342	4.203082084655762
2343	4.002248764038086
2344	4.626763820648193
2345	3.7592697143554688
2346	3.5810863971710205
2347	3.345412254333496
2348	4.061614513397217
2349	3.7591958045959473
2350	5.866614818572998
2351	5.123667240142822
2352	5.3366923332214355
2353	4.81106424331665
2354	5.021851062774658
2355	5.182798862457275
2356	5.368524074554443
2357	4.8952531814575195
2358	3.3378818035125732
2359	3.645000696182251
2360	3.9325060844421387
2361	3.214599847793579
2362	3.8071858882904053
2363	3.7677664756774902
2364	3.5752105712890625
2365	4.869377136230469
2366	4.785384654998779
2367	4.170367240905762
2368	4.6681413650512695
2369	4.541728496551514
2370	5.008567810058594
2371	3.8220138549804688
2372	4.7245635986328125
2373	5.770164489746094
2374	5.3841047286987305
2375	4.75884485244751
2376	4.742188453674316
2377	5.524886131286621
2378	3.689181327819824
2379	3.9096009731292725
2380	4.858157634735107
2381	5.169611930847168
2382	4.918270111083984
2383	5.759984493255615
2384	4.246267795562744
2385	4.174892902374268
2386	4.5948710441589355
2387	4.443535327911377
2388	5.327729225158691
2389	4.945193767547607
2390	3.556964874267578
2391	4.844496726989746
2392	3.6623106002807617
2393	3.596188545227051
2394	3.579058885574341
2395	3.5377719402313232
2396	3.4173080921173096
2397	3.677975654602051
2398	5.793601036071777
2399	3.8349764347076416
2400	4.054999828338623
2401	3.8329436779022217
2402	4.0092058181762695
2403	4.882701873779297
2404	3.7816152572631836
2405	4.595790863037109
2406	4.079098224639893
2407	4.518277168273926
2408	4.80127477645874
2409	3.8915414810180664
2410	3.7859981060028076
2411	3.0265843868255615
2412	4.368959903717041
2413	5.1775221824646
2414	4.396303176879883
2415	4.424530982971191
2416	4.375341892242432
2417	5.375022888183594
2418	4.239339351654053
2419	5.218499183654785
2420	3.811788558959961
2421	4.372812747955322
2422	4.043429374694824
2423	3.4561069011688232
2424	5.256997108459473
2425	4.610840320587158
2426	4.03106164932251
2427	3.880136728286743
2428	3.470961570739746
2429	4.473517894744873
2430	4.8589372634887695
2431	4.536876678466797
2432	4.924270153045654
2433	4.800893783569336
2434	4.546419620513916
2435	4.9621453285217285
2436	4.663736820220947
2437	4.542355537414551
2438	4.744442462921143
2439	3.7032148838043213
2440	3.94742488861084
2441	3.2193384170532227
2442	4.963499069213867
2443	4.349626064300537
2444	4.57319974899292
2445	3.4268171787261963
2446	3.803321123123169
2447	3.5212862491607666
2448	3.770155191421509
2449	4.096038341522217
2450	4.133720874786377
2451	4.098768711090088
2452	3.9371204376220703
2453	4.319772243499756
2454	4.434452056884766
2455	4.102892875671387
2456	3.8658766746520996
2457	3.6471362113952637
2458	3.844815731048584
2459	3.5093629360198975
2460	4.743000507354736
2461	4.014031887054443
2462	3.515589952468872
2463	3.7167320251464844
2464	3.9082190990448
2465	3.815723180770874
2466	3.720705509185791
2467	3.9909448623657227
2468	3.5653774738311768
2469	1.8345638513565063
2470	3.388526201248169
2471	4.063173770904541
2472	4.4751152992248535
2473	3.3742146492004395
2474	3.620612859725952
2475	3.5934090614318848
2476	4.48735237121582
2477	3.6494956016540527
2478	4.837837219238281
2479	4.444116115570068
2480	4.573707103729248
2481	4.178656578063965
2482	4.047166347503662
2483	3.9143505096435547
2484	4.058174133300781
2485	3.5257887840270996
2486	4.288008689880371
2487	3.6546318531036377
2488	3.923337697982788
2489	1.7748147249221802
2490	3.9632253646850586
2491	4.157517910003662
2492	4.49498987197876
2493	5.15650749206543
2494	3.5264832973480225
2495	3.7356016635894775
2496	3.4397895336151123
2497	4.098710536956787
2498	3.8900551795959473
2499	4.64873743057251
2500	3.8512582778930664
2501	3.9994864463806152
2502	5.656198978424072
2503	4.192055702209473
2504	3.178701400756836
2505	1.6934785842895508
2506	1.6404520273208618
2507	3.787144422531128
2508	3.9292187690734863
2509	3.6768805980682373
2510	3.7217845916748047
2511	4.0935516357421875
2512	5.831968307495117
2513	5.763956069946289
2514	4.033705711364746
2515	5.18949031829834
2516	3.5537078380584717
2517	4.459700107574463
2518	3.1608455181121826
2519	3.6769444942474365
2520	3.54105281829834
2521	5.248047351837158
2522	3.880868911743164
2523	4.83254337310791
2524	5.468936920166016
2525	5.160577297210693
2526	4.65344762802124
2527	5.573845863342285
2528	5.136353015899658
2529	5.6131911277771
2530	4.582737922668457
2531	4.427548408508301
2532	5.026643753051758
2533	5.232980251312256
2534	4.424262046813965
2535	4.268185138702393
2536	4.7829766273498535
2537	4.982789516448975
2538	5.086355209350586
2539	3.619040012359619
2540	4.931257724761963
2541	5.495713233947754
2542	6.568288326263428
2543	5.906031608581543
2544	4.294641017913818
2545	4.012869834899902
2546	4.02250862121582
2547	4.476614475250244
2548	4.907069206237793
2549	5.397345066070557
2550	4.97844934463501
2551	3.8977599143981934
2552	5.030229091644287
2553	4.847166538238525
2554	5.339995384216309
2555	4.361135005950928
2556	4.308606147766113
2557	6.315938949584961
2558	5.096642971038818
2559	3.8295536041259766
2560	4.144103527069092
2561	5.927815914154053
2562	5.186810493469238
2563	5.316125392913818
2564	5.944811820983887
2565	4.983538627624512
2566	4.609314441680908
2567	4.983217239379883
2568	4.494010925292969
2569	5.085334300994873
2570	4.812710285186768
2571	4.760335445404053
2572	5.58198881149292
2573	4.693457126617432
2574	5.113216876983643
2575	3.8686561584472656
2576	3.9628918170928955
2577	4.8241119384765625
2578	4.464425563812256
2579	4.669040203094482
2580	5.079223155975342
2581	5.414131164550781
2582	4.7447662353515625
2583	5.127465724945068
2584	4.789391994476318
2585	4.103863716125488
2586	4.507814884185791
2587	4.378274917602539
2588	3.9846668243408203
2589	4.242056846618652
2590	3.7671456336975098
2591	2.9589905738830566
2592	3.754852533340454
2593	3.8881630897521973
2594	4.1093902587890625
2595	4.460289478302002
2596	4.863325119018555
2597	4.539870738983154
2598	4.375376224517822
2599	4.963637351989746
2600	4.305619716644287
2601	4.112410068511963
2602	4.0643815994262695
2603	4.495878219604492
2604	4.932758808135986
2605	5.17350435256958
2606	3.469682455062866
2607	4.0006632804870605
2608	3.561575174331665
2609	4.343404293060303
2610	4.529026508331299
2611	4.527261734008789
2612	4.071201801300049
2613	3.0641064643859863
2614	4.209429740905762
2615	4.056753635406494
2616	4.91401481628418
2617	3.3841207027435303
2618	5.004581928253174
2619	5.30521297454834
2620	3.790297508239746
2621	3.2977147102355957
2622	3.4828226566314697
2623	5.79623556137085
2624	4.753259658813477
2625	4.07159948348999
2626	4.560718059539795
2627	5.384234428405762
2628	4.708090305328369
2629	3.5848004817962646
2630	4.141861915588379
2631	5.471420764923096
2632	4.730554103851318
2633	4.4214935302734375
2634	3.060814619064331
2635	4.389647483825684
2636	3.9409642219543457
2637	4.282195568084717
2638	3.650986909866333
2639	4.7772088050842285
2640	4.45045280456543
2641	4.0286102294921875
2642	3.9827053546905518
2643	4.210371494293213
2644	5.720750331878662
