Residue	RMSF
1	6.439255237579346
2	4.302045822143555
3	2.621962547302246
4	1.3544703722000122
5	1.5953383445739746
6	1.6616681814193726
7	2.117591381072998
8	1.8719204664230347
9	1.2961108684539795
10	1.1565132141113281
11	1.1913129091262817
12	0.9161396622657776
13	0.9385839104652405
14	1.176026463508606
15	1.1168824434280396
16	1.146470069885254
17	1.5215650796890259
18	1.7480345964431763
19	1.5699505805969238
20	1.8597726821899414
21	2.1189393997192383
22	1.4872729778289795
23	1.2293287515640259
24	0.963333010673523
25	1.6690138578414917
26	1.408400535583496
27	1.5558440685272217
28	2.050729751586914
29	2.1422901153564453
30	3.4423463344573975
