Residue	RMSF
1	6.4392547607421875
2	4.302045822143555
3	2.621962308883667
4	1.3544706106185913
5	1.5953384637832642
6	1.6616681814193726
7	2.117591381072998
8	1.871920108795166
9	1.2961108684539795
10	1.1565130949020386
11	1.1913127899169922
12	0.9161397218704224
13	0.9385839700698853
14	1.176026463508606
15	1.1168824434280396
16	1.146470069885254
17	1.5215650796890259
18	1.7480345964431763
19	1.5699505805969238
20	1.8597725629806519
21	2.1189393997192383
22	1.487273097038269
23	1.2293288707733154
24	0.963333010673523
25	1.6690139770507813
26	1.408400535583496
27	1.5558440685272217
28	2.050729751586914
29	2.142289876937866
30	3.4423460960388184
