Frame	Rg
0	8.226015090942383
1	8.226015090942383
2	8.360352516174316
3	8.338079452514648
4	8.357972145080566
5	8.387335777282715
6	8.352391242980957
7	8.36205005645752
8	8.349592208862305
9	8.376260757446289
10	8.326925277709961
11	8.370689392089844
12	8.340968132019043
13	8.371925354003906
14	8.350273132324219
15	8.360634803771973
16	8.317572593688965
17	8.370491981506348
18	8.396146774291992
19	8.357683181762695
20	8.37319564819336
21	8.303460121154785
22	8.279278755187988
23	8.365479469299316
24	8.307153701782227
25	8.378457069396973
26	8.285394668579102
27	8.366179466247559
28	8.37368392944336
29	8.341951370239258
30	8.318074226379395
31	8.314841270446777
32	8.379971504211426
33	8.40705680847168
34	8.338781356811523
35	8.352176666259766
36	8.307644844055176
37	8.310301780700684
38	8.393000602722168
39	8.39489459991455
40	8.32947826385498
41	8.370658874511719
42	8.442261695861816
43	8.408183097839355
44	8.407156944274902
45	8.441497802734375
46	8.567813873291016
47	8.467815399169922
48	8.450364112854004
49	8.608848571777344
50	8.493326187133789
51	8.530537605285645
52	8.228671073913574
53	8.604384422302246
54	8.748793601989746
55	8.394219398498535
56	8.532395362854004
57	8.457881927490234
58	8.568568229675293
59	8.446649551391602
60	8.479992866516113
61	8.389933586120605
62	8.331231117248535
63	8.377237319946289
64	8.61704158782959
65	8.550959587097168
66	8.36655330657959
67	8.261133193969727
68	8.53050422668457
69	8.388891220092773
70	8.512332916259766
71	8.321833610534668
72	8.461407661437988
73	8.360968589782715
74	8.334525108337402
75	8.562155723571777
76	8.406512260437012
77	8.316900253295898
78	8.469340324401855
79	8.462457656860352
80	8.370328903198242
81	8.259449005126953
82	8.221004486083984
83	8.414950370788574
84	8.305771827697754
85	8.279696464538574
86	8.338553428649902
87	8.326733589172363
88	8.162591934204102
89	8.35819149017334
90	8.299893379211426
91	8.413491249084473
92	8.448493003845215
93	8.625807762145996
94	8.462942123413086
95	8.371252059936523
96	8.285715103149414
97	8.255278587341309
98	8.326767921447754
99	8.568267822265625
100	8.404725074768066
101	8.62879467010498
102	8.541311264038086
103	8.524465560913086
104	8.424127578735352
105	8.531719207763672
106	8.576412200927734
107	8.340763092041016
108	8.577282905578613
109	8.468839645385742
110	8.593669891357422
111	8.44222354888916
112	8.548802375793457
113	8.471441268920898
114	8.582690238952637
115	8.551084518432617
116	8.658697128295898
117	8.500983238220215
118	8.641828536987305
119	8.536431312561035
120	8.699041366577148
121	8.606658935546875
122	8.631826400756836
123	8.560784339904785
124	8.547143936157227
125	8.60245418548584
126	8.700008392333984
127	9.012815475463867
128	8.49765682220459
129	8.587627410888672
130	8.75737476348877
131	8.61982250213623
132	8.537789344787598
133	8.769110679626465
134	8.70450210571289
135	8.509729385375977
136	8.531916618347168
137	8.630352020263672
138	8.527591705322266
139	8.528767585754395
140	8.496485710144043
141	8.5907621383667
142	8.556982040405273
143	8.566987037658691
144	8.532989501953125
145	8.563634872436523
146	8.565786361694336
147	8.60721206665039
148	8.504364967346191
149	8.6420316696167
150	8.763679504394531
151	8.517577171325684
152	8.650446891784668
153	8.677005767822266
154	8.812495231628418
155	8.638729095458984
156	8.640871047973633
157	8.805936813354492
158	8.886316299438477
159	8.988146781921387
160	9.018682479858398
161	8.772810935974121
162	8.704472541809082
163	8.710214614868164
164	8.8472318649292
165	8.792985916137695
166	8.73936653137207
167	8.77729320526123
168	8.56178092956543
169	8.830398559570313
170	8.613100051879883
171	8.850719451904297
172	8.672408103942871
173	8.757001876831055
174	8.624987602233887
175	8.488229751586914
176	8.549931526184082
177	8.762094497680664
178	8.79035758972168
179	8.750188827514648
180	8.71337890625
181	8.937766075134277
182	8.8733491897583
183	8.956826210021973
184	8.825762748718262
185	8.84494400024414
186	8.723821640014648
187	8.815153121948242
188	8.8699951171875
189	8.74874496459961
190	8.724870681762695
191	8.853571891784668
192	8.619024276733398
193	8.657630920410156
194	8.701156616210938
195	8.775627136230469
196	8.53124713897705
197	8.62745189666748
198	8.624970436096191
199	8.688053131103516
200	8.786382675170898
201	8.579005241394043
202	8.646389961242676
203	8.659971237182617
204	8.624274253845215
205	8.687625885009766
206	8.733926773071289
207	8.729771614074707
208	8.89632511138916
209	8.722160339355469
210	8.79648208618164
211	8.637757301330566
212	8.469095230102539
213	8.621234893798828
214	8.720805168151855
215	8.708572387695313
216	8.568460464477539
217	8.708456993103027
218	8.834444999694824
219	8.61327838897705
220	8.71442699432373
221	8.593334197998047
222	8.603795051574707
223	8.733262062072754
224	8.803421974182129
225	8.700648307800293
226	8.710746765136719
227	8.716236114501953
228	8.554903030395508
229	8.646505355834961
230	8.736711502075195
231	8.69756031036377
232	8.701288223266602
233	8.81735897064209
234	8.6241455078125
235	8.654739379882813
236	8.72481918334961
237	8.694439888000488
238	8.674757957458496
239	8.723796844482422
240	8.708971977233887
241	8.834844589233398
242	8.775609970092773
243	8.722936630249023
244	8.580880165100098
245	8.831921577453613
246	8.74933910369873
247	8.71888542175293
248	9.046244621276855
249	9.081480979919434
250	8.91115665435791
251	9.017210960388184
252	8.878402709960938
253	8.9407958984375
254	8.734416961669922
255	8.712170600891113
256	8.737225532531738
257	8.660447120666504
258	8.862561225891113
259	8.969399452209473
260	8.945145606994629
261	8.813287734985352
262	8.730727195739746
263	8.844243049621582
264	8.720804214477539
265	8.640867233276367
266	8.91512393951416
267	8.823001861572266
268	8.909334182739258
269	8.950091361999512
270	8.915249824523926
271	8.88436508178711
272	8.627718925476074
273	8.794989585876465
274	8.820088386535645
275	8.723896026611328
276	8.73969554901123
277	8.697772979736328
278	8.841341018676758
279	8.771950721740723
280	8.872608184814453
281	8.982168197631836
282	8.946124076843262
283	8.726699829101563
284	8.896733283996582
285	9.195414543151855
286	9.022422790527344
287	8.790056228637695
288	8.583937644958496
289	9.013870239257813
290	8.731393814086914
291	8.848556518554688
292	8.890861511230469
293	8.706669807434082
294	8.706303596496582
295	8.75391674041748
296	8.656455039978027
297	8.765226364135742
298	8.704909324645996
299	8.698002815246582
300	8.680281639099121
301	8.817895889282227
302	8.852328300476074
303	8.700684547424316
304	8.658421516418457
305	8.793584823608398
306	8.875555038452148
307	8.932269096374512
308	8.759589195251465
309	8.842060089111328
310	8.775531768798828
311	8.996623992919922
312	8.942912101745605
313	8.768132209777832
314	8.74592399597168
315	8.918782234191895
316	8.860291481018066
317	8.942757606506348
318	8.883538246154785
319	8.854146003723145
320	8.777846336364746
321	8.62453556060791
322	8.675159454345703
323	8.657179832458496
324	8.64724063873291
325	8.683265686035156
326	8.719109535217285
327	8.641185760498047
328	8.548961639404297
329	8.580747604370117
330	8.730378150939941
331	8.955427169799805
332	9.040481567382813
333	9.203330993652344
334	9.217412948608398
335	9.193066596984863
336	9.005681991577148
337	8.964751243591309
338	9.162450790405273
339	9.318931579589844
340	9.262004852294922
341	9.191533088684082
342	9.270147323608398
343	8.88963508605957
344	8.76289176940918
345	8.698016166687012
346	8.798707962036133
347	9.19852066040039
348	8.917234420776367
349	8.787940979003906
350	8.731788635253906
351	8.727876663208008
352	8.690993309020996
353	8.755717277526855
354	8.752824783325195
355	8.85637378692627
356	8.79162311553955
357	8.767365455627441
358	8.628518104553223
359	8.628849983215332
360	8.839442253112793
361	8.778719902038574
362	8.629788398742676
363	8.59900951385498
364	8.594834327697754
365	8.692850112915039
366	8.663081169128418
367	8.690534591674805
368	8.872356414794922
369	9.064471244812012
370	9.054661750793457
371	9.07509994506836
372	9.087114334106445
373	9.064286231994629
374	9.385026931762695
375	9.325573921203613
376	9.4484224319458
377	9.464803695678711
378	9.10667610168457
379	9.428191184997559
380	9.4100341796875
381	9.129782676696777
382	9.648341178894043
383	9.363980293273926
384	9.51017951965332
385	9.559785842895508
386	9.378841400146484
387	9.48043155670166
388	9.53259563446045
389	9.6414155960083
390	9.444567680358887
391	9.488203048706055
392	9.498933792114258
393	9.372917175292969
394	9.41674518585205
395	9.679887771606445
396	9.26760196685791
397	9.564167976379395
398	9.303707122802734
399	9.68655014038086
400	9.797762870788574
401	9.68371868133545
402	9.354278564453125
403	9.67536449432373
404	9.457967758178711
405	9.567122459411621
406	9.411921501159668
407	9.265653610229492
408	9.130976676940918
409	9.367413520812988
410	9.23620319366455
411	9.378209114074707
412	9.537732124328613
413	9.732996940612793
414	9.468766212463379
415	9.495321273803711
416	9.386124610900879
417	9.401262283325195
418	9.450316429138184
419	9.142983436584473
420	9.463497161865234
421	9.65475082397461
422	9.441169738769531
423	9.376937866210938
424	9.320680618286133
425	9.440443992614746
426	9.481273651123047
427	9.349609375
428	9.536006927490234
429	9.24673080444336
430	9.219417572021484
431	9.454272270202637
432	9.272954940795898
433	9.256892204284668
434	9.390584945678711
435	8.945697784423828
436	9.195664405822754
437	9.143096923828125
438	9.289186477661133
439	9.181219100952148
440	9.27282428741455
441	9.1321439743042
442	8.964948654174805
443	8.911858558654785
444	8.92818832397461
445	8.954920768737793
446	8.721264839172363
447	8.872910499572754
448	8.998662948608398
449	9.081188201904297
450	8.968818664550781
451	9.080934524536133
452	8.954153060913086
453	9.05945110321045
454	9.120465278625488
455	9.002853393554688
456	8.967541694641113
457	9.098172187805176
458	9.138569831848145
459	9.12429141998291
460	9.15939998626709
461	9.237794876098633
462	9.255999565124512
463	9.273446083068848
464	9.084939956665039
465	9.28201961517334
466	9.32397174835205
467	9.125682830810547
468	8.892528533935547
469	9.004965782165527
470	9.099427223205566
471	9.040287971496582
472	8.950024604797363
473	8.95467472076416
474	8.993300437927246
475	8.985183715820313
476	8.825942993164063
477	9.035529136657715
478	9.036578178405762
479	8.97795581817627
480	9.077228546142578
481	9.109650611877441
482	9.071208000183105
483	9.160528182983398
484	9.303925514221191
485	9.184829711914063
486	9.133282661437988
487	9.106110572814941
488	8.939502716064453
489	9.005132675170898
490	9.237336158752441
491	8.993945121765137
492	8.931075096130371
493	8.985027313232422
494	9.020669937133789
495	9.108651161193848
496	8.870906829833984
497	9.00742244720459
498	8.92230224609375
499	8.844888687133789
500	8.846494674682617
501	8.820551872253418
502	9.002933502197266
503	9.031068801879883
504	8.969629287719727
505	9.165343284606934
506	9.136290550231934
507	9.035887718200684
508	8.771645545959473
509	8.72288990020752
510	8.669055938720703
511	8.669886589050293
512	8.72954273223877
513	8.852252960205078
514	8.692227363586426
515	8.636860847473145
516	8.904058456420898
517	8.894001960754395
518	8.955426216125488
519	8.896883010864258
520	8.997032165527344
521	9.015249252319336
522	8.92127513885498
523	8.862639427185059
524	8.866660118103027
525	8.899361610412598
526	8.91269588470459
527	8.978148460388184
528	8.569524765014648
529	8.716609001159668
530	8.740507125854492
531	8.672656059265137
532	8.675597190856934
533	8.554961204528809
534	8.473651885986328
535	8.58959674835205
536	8.601654052734375
537	8.77741813659668
538	8.625845909118652
539	8.931122779846191
540	8.520111083984375
541	8.488547325134277
542	8.59821605682373
543	8.607949256896973
544	8.856404304504395
545	8.65442943572998
546	8.66076374053955
547	8.647405624389648
548	8.689117431640625
549	8.81368350982666
550	8.603609085083008
551	8.535412788391113
552	8.55163860321045
553	8.44424819946289
554	8.60743522644043
555	8.703638076782227
556	8.775527954101563
557	8.68625545501709
558	8.824237823486328
559	8.566227912902832
560	8.72528076171875
561	8.778770446777344
562	8.616270065307617
563	8.636574745178223
564	8.719500541687012
565	8.502436637878418
566	8.648919105529785
567	8.71452522277832
568	8.927522659301758
569	8.766181945800781
570	8.684147834777832
571	8.601089477539063
572	8.70649242401123
573	8.678552627563477
574	8.712647438049316
575	8.659491539001465
576	8.703826904296875
577	8.727055549621582
578	8.806344032287598
579	8.702808380126953
580	8.63447380065918
581	8.714330673217773
582	8.665517807006836
583	8.725858688354492
584	8.915608406066895
585	8.62195110321045
586	8.681389808654785
587	8.584558486938477
588	8.650026321411133
589	8.84547233581543
590	8.649346351623535
591	8.66617488861084
592	8.762261390686035
593	8.875189781188965
594	8.831701278686523
595	8.523241996765137
596	8.82277774810791
597	8.614517211914063
598	8.621929168701172
599	8.651715278625488
600	8.6565523147583
601	8.569397926330566
602	8.459976196289063
603	8.620528221130371
604	8.595035552978516
605	8.527836799621582
606	8.479500770568848
607	8.741646766662598
608	8.620699882507324
609	8.637370109558105
610	8.515595436096191
611	8.578703880310059
612	8.717172622680664
613	8.62346363067627
614	8.609319686889648
615	8.502191543579102
616	8.516054153442383
617	8.611431121826172
618	8.55235767364502
619	8.477753639221191
620	8.657833099365234
621	8.599345207214355
622	8.554790496826172
623	8.707954406738281
624	8.513326644897461
625	8.631264686584473
626	8.742695808410645
627	8.747251510620117
628	8.680400848388672
629	8.770119667053223
630	8.472126007080078
631	8.663424491882324
632	8.68116569519043
633	8.668425559997559
634	8.966368675231934
635	8.816813468933105
636	8.566451072692871
637	8.569552421569824
638	8.745132446289063
639	8.566632270812988
640	8.7189359664917
641	9.059179306030273
642	8.585644721984863
643	8.535303115844727
644	8.51075267791748
645	8.59423542022705
646	8.594818115234375
647	8.564172744750977
648	8.587081909179688
649	8.68590259552002
650	8.542292594909668
651	8.670306205749512
652	8.57633113861084
653	8.615474700927734
654	8.675763130187988
655	8.741610527038574
656	8.54274845123291
657	8.700578689575195
658	8.90869426727295
659	8.708772659301758
660	8.769838333129883
661	8.932440757751465
662	8.886570930480957
663	8.715911865234375
664	8.613441467285156
665	8.677349090576172
666	8.827972412109375
667	8.638055801391602
668	8.802974700927734
669	8.753417015075684
670	8.717958450317383
671	8.651533126831055
672	8.736319541931152
673	8.655531883239746
674	8.7096529006958
675	8.619579315185547
676	8.660788536071777
677	8.619648933410645
678	8.686460494995117
679	8.637080192565918
680	8.839228630065918
681	8.735389709472656
682	8.743837356567383
683	9.078566551208496
684	8.813706398010254
685	8.73194694519043
686	8.702221870422363
687	8.820794105529785
688	8.654488563537598
689	8.574366569519043
690	8.701855659484863
691	8.510540008544922
692	8.591096878051758
693	8.82890796661377
694	8.835761070251465
695	8.785576820373535
696	8.646408081054688
697	8.790019035339355
698	8.649131774902344
699	8.709939956665039
700	8.668967247009277
701	8.532228469848633
702	8.279566764831543
703	8.524852752685547
704	8.418208122253418
705	8.66675090789795
706	8.456270217895508
707	8.456872940063477
708	8.458651542663574
709	8.344542503356934
710	8.374391555786133
711	8.480499267578125
712	8.418619155883789
713	8.271870613098145
714	8.456864356994629
715	8.438142776489258
716	8.320356369018555
717	8.290027618408203
718	8.28467845916748
719	8.406939506530762
720	8.445162773132324
721	8.398767471313477
722	8.405040740966797
723	8.3046236038208
724	8.43540096282959
725	8.471563339233398
726	8.496853828430176
727	8.404433250427246
728	8.457191467285156
729	8.343764305114746
730	8.286632537841797
731	8.406204223632813
732	8.29232120513916
733	8.374563217163086
734	8.41300106048584
735	8.409700393676758
736	8.41598129272461
737	8.372506141662598
738	8.2604341506958
739	8.31013011932373
740	8.415822982788086
741	8.361775398254395
742	8.29373550415039
743	8.368692398071289
744	8.372990608215332
745	8.314750671386719
746	8.3064603805542
747	8.47036361694336
748	8.510534286499023
749	8.418898582458496
750	8.33479118347168
751	8.378833770751953
752	8.3119535446167
753	8.398599624633789
754	8.4069185256958
755	8.374449729919434
756	8.411487579345703
757	8.26589298248291
758	8.282280921936035
759	8.300715446472168
760	8.261109352111816
761	8.293899536132813
762	8.262764930725098
763	8.294599533081055
764	8.25800895690918
765	8.292499542236328
766	8.380905151367188
767	8.399327278137207
768	8.368812561035156
769	8.478482246398926
770	8.485002517700195
771	8.43040657043457
772	8.477717399597168
773	8.374940872192383
774	8.2969331741333
775	8.434639930725098
776	8.365571975708008
777	8.35174560546875
778	8.396040916442871
779	8.41004753112793
780	8.26716136932373
781	8.184569358825684
782	8.230528831481934
783	8.27403736114502
784	8.264735221862793
785	8.23824405670166
786	8.463382720947266
787	8.292648315429688
788	8.517578125
789	8.380393981933594
790	8.316475868225098
791	8.401233673095703
792	8.282133102416992
793	8.55138874053955
794	8.4080228805542
795	8.275691032409668
796	8.458671569824219
797	8.367451667785645
798	8.488545417785645
799	8.507331848144531
800	8.413330078125
801	8.42424488067627
802	8.4569730758667
803	8.5258150100708
804	8.408588409423828
805	8.496310234069824
806	8.28563404083252
807	8.36522388458252
808	8.642987251281738
809	8.276470184326172
810	8.432790756225586
811	8.340160369873047
812	8.267888069152832
813	8.250743865966797
814	8.405593872070313
815	8.297296524047852
816	8.275277137756348
817	8.320984840393066
818	8.381163597106934
819	8.35356330871582
820	8.281611442565918
821	8.293386459350586
822	8.454821586608887
823	8.258309364318848
824	8.331219673156738
825	8.326279640197754
826	8.409271240234375
827	8.459129333496094
828	8.358169555664063
829	8.291336059570313
830	8.251554489135742
831	8.500265121459961
832	8.491957664489746
833	8.492993354797363
834	8.300052642822266
835	8.345207214355469
836	8.540254592895508
837	8.502571105957031
838	8.527715682983398
839	8.268302917480469
840	8.34743595123291
841	8.2391939163208
842	8.346455574035645
843	8.32534408569336
844	8.247931480407715
845	8.27865982055664
846	8.28436279296875
847	8.38332748413086
848	8.375943183898926
849	8.258150100708008
850	8.201370239257813
851	8.39647388458252
852	8.180915832519531
853	8.391707420349121
854	8.379237174987793
855	8.38998031616211
856	8.377365112304688
857	8.335291862487793
858	8.388948440551758
859	8.270270347595215
860	8.448234558105469
861	8.457094192504883
862	8.449518203735352
863	8.404995918273926
864	8.228959083557129
865	8.32651138305664
866	8.382957458496094
867	8.380805969238281
868	8.371804237365723
869	8.36712646484375
870	8.34268569946289
871	8.434992790222168
872	8.328333854675293
873	8.464195251464844
874	8.314204216003418
875	8.356057167053223
876	8.449735641479492
877	8.367023468017578
878	8.389333724975586
879	8.432771682739258
880	8.293630599975586
881	8.40785026550293
882	8.331271171569824
883	8.420860290527344
884	8.355600357055664
885	8.297441482543945
886	8.247109413146973
887	8.228930473327637
888	8.447317123413086
889	8.481216430664063
890	8.338379859924316
891	8.225625991821289
892	8.422364234924316
893	8.390129089355469
894	8.454854965209961
895	8.28205394744873
896	8.354670524597168
897	8.500349998474121
898	8.371001243591309
899	8.345398902893066
900	8.33414363861084
901	8.310707092285156
902	8.32211685180664
903	8.279071807861328
904	8.316768646240234
905	8.380516052246094
906	8.42570972442627
907	8.268387794494629
908	8.339150428771973
909	8.320433616638184
910	8.276874542236328
911	8.278430938720703
912	8.290008544921875
913	8.385202407836914
914	8.355048179626465
915	8.542404174804688
916	8.43612289428711
917	8.226932525634766
918	8.319271087646484
919	8.310409545898438
920	8.315836906433105
921	8.31865406036377
922	8.339153289794922
923	8.431577682495117
924	8.232173919677734
925	8.446676254272461
926	8.433801651000977
927	8.358278274536133
928	8.305316925048828
929	8.441679954528809
930	8.302200317382813
931	8.37005615234375
932	8.304466247558594
933	8.265092849731445
934	8.312393188476563
935	8.20136547088623
936	8.316276550292969
937	8.25507926940918
938	8.387656211853027
939	8.445878982543945
940	8.351706504821777
941	8.358560562133789
942	8.381691932678223
943	8.348637580871582
944	8.346256256103516
945	8.334212303161621
946	8.302451133728027
947	8.482014656066895
948	8.348615646362305
949	8.233848571777344
950	8.470314979553223
951	8.309701919555664
952	8.366120338439941
953	8.580663681030273
954	8.296143531799316
955	8.355512619018555
956	8.420511245727539
957	8.37531852722168
958	8.334433555603027
959	8.465987205505371
960	8.472249984741211
961	8.45050048828125
962	8.352023124694824
963	8.390686988830566
964	8.290608406066895
965	8.52638053894043
966	8.396649360656738
967	8.496406555175781
968	8.470792770385742
969	8.444343566894531
970	8.56027889251709
971	8.409823417663574
972	8.41494369506836
973	8.3615083694458
974	8.434656143188477
975	8.321404457092285
976	8.340999603271484
977	8.427223205566406
978	8.260519027709961
979	8.306022644042969
980	8.288814544677734
981	8.308090209960938
982	8.459885597229004
983	8.426178932189941
984	8.452489852905273
985	8.466053009033203
986	8.475232124328613
987	8.373398780822754
988	8.312328338623047
989	8.512760162353516
990	8.357728004455566
991	8.416608810424805
992	8.580005645751953
993	8.533019065856934
994	8.447867393493652
995	8.460626602172852
996	8.37166690826416
997	8.54520320892334
998	8.422412872314453
999	8.395528793334961
1000	8.343545913696289
1001	8.432888984680176
1002	8.491020202636719
1003	8.481365203857422
1004	8.584303855895996
1005	8.44100570678711
1006	8.434627532958984
1007	8.532770156860352
1008	8.521958351135254
1009	8.474635124206543
1010	8.454935073852539
1011	8.284521102905273
1012	8.378057479858398
1013	8.269475936889648
1014	8.29892635345459
1015	8.384570121765137
1016	8.358292579650879
1017	8.473855018615723
1018	8.347060203552246
1019	8.416718482971191
1020	8.350825309753418
1021	8.36561393737793
1022	8.435701370239258
1023	8.340694427490234
1024	8.29110050201416
1025	8.376887321472168
1026	8.396262168884277
1027	8.275089263916016
1028	8.312114715576172
1029	8.3645601272583
1030	8.31672191619873
1031	8.34072208404541
1032	8.33106517791748
1033	8.481768608093262
1034	8.46106243133545
1035	8.464559555053711
1036	8.550586700439453
1037	8.61551284790039
1038	8.445382118225098
1039	8.484465599060059
1040	8.483920097351074
1041	8.29429817199707
1042	8.500471115112305
1043	8.542940139770508
1044	8.422792434692383
1045	8.308558464050293
1046	8.315668106079102
1047	8.370641708374023
1048	8.357779502868652
1049	8.447155952453613
1050	8.424962043762207
1051	8.373906135559082
1052	8.366903305053711
1053	8.291747093200684
1054	8.311137199401855
1055	8.412525177001953
1056	8.372233390808105
1057	8.511405944824219
1058	8.325094223022461
1059	8.312887191772461
1060	8.35554313659668
1061	8.549757957458496
1062	8.43062973022461
1063	8.29613208770752
1064	8.339900970458984
1065	8.388504028320313
1066	8.37328815460205
1067	8.327390670776367
1068	8.300758361816406
1069	8.379393577575684
1070	8.238469123840332
1071	8.366565704345703
1072	8.284664154052734
1073	8.212454795837402
1074	8.395197868347168
1075	8.348616600036621
1076	8.378204345703125
1077	8.354365348815918
1078	8.364470481872559
1079	8.336750030517578
1080	8.417389869689941
1081	8.40303897857666
1082	8.31898307800293
1083	8.457863807678223
1084	8.42599868774414
1085	8.414440155029297
1086	8.401558876037598
1087	8.33840560913086
1088	8.493231773376465
1089	8.412550926208496
1090	8.392313003540039
1091	8.273781776428223
1092	8.420589447021484
1093	8.416023254394531
1094	8.297080039978027
1095	8.354776382446289
1096	8.325031280517578
1097	8.256041526794434
1098	8.402283668518066
1099	8.241024017333984
1100	8.361946105957031
1101	8.464920043945313
1102	8.351338386535645
1103	8.30819034576416
1104	8.341208457946777
1105	8.374862670898438
1106	8.324397087097168
1107	8.342650413513184
1108	8.334188461303711
1109	8.312493324279785
1110	8.488446235656738
1111	8.408140182495117
1112	8.397509574890137
1113	8.449857711791992
1114	8.394047737121582
1115	8.390034675598145
1116	8.36702823638916
1117	8.422327995300293
1118	8.325919151306152
1119	8.454215049743652
1120	8.443720817565918
1121	8.392871856689453
1122	8.278707504272461
1123	8.442736625671387
1124	8.370532035827637
1125	8.436845779418945
1126	8.412219047546387
1127	8.52638053894043
1128	8.507699966430664
1129	8.412323951721191
1130	8.374323844909668
1131	8.585550308227539
1132	8.543267250061035
1133	8.408124923706055
1134	8.331570625305176
1135	8.43579387664795
1136	8.530755043029785
1137	8.519536972045898
1138	8.365347862243652
1139	8.65581226348877
1140	8.431615829467773
1141	8.359013557434082
1142	8.2254638671875
1143	8.561724662780762
1144	8.449606895446777
1145	8.421025276184082
1146	8.417884826660156
1147	8.368807792663574
1148	8.363198280334473
1149	8.350995063781738
1150	8.459486961364746
1151	8.307147979736328
1152	8.267748832702637
1153	8.315251350402832
1154	8.518331527709961
1155	8.303380966186523
1156	8.244119644165039
1157	8.27607250213623
1158	8.291594505310059
1159	8.324016571044922
1160	8.399925231933594
1161	8.374444961547852
1162	8.39228630065918
1163	8.344264030456543
1164	8.385952949523926
1165	8.31201171875
1166	8.301477432250977
1167	8.279672622680664
1168	8.349857330322266
1169	8.3973388671875
1170	8.292342185974121
1171	8.45685863494873
1172	8.402193069458008
1173	8.233501434326172
1174	8.186649322509766
1175	8.25704574584961
1176	8.26120376586914
1177	8.236451148986816
1178	8.238523483276367
1179	8.25682544708252
1180	8.320974349975586
1181	8.295196533203125
1182	8.3031005859375
1183	8.353195190429688
1184	8.32427978515625
1185	8.279854774475098
1186	8.192453384399414
1187	8.41584300994873
1188	8.166356086730957
1189	8.303141593933105
1190	8.332714080810547
1191	8.324753761291504
1192	8.269644737243652
1193	8.362881660461426
1194	8.330255508422852
1195	8.335339546203613
1196	8.485971450805664
1197	8.443593978881836
1198	8.276202201843262
1199	8.290629386901855
1200	8.413167953491211
1201	8.256508827209473
1202	8.322686195373535
1203	8.270113945007324
1204	8.364585876464844
1205	8.25736141204834
1206	8.38113784790039
1207	8.369892120361328
1208	8.308246612548828
1209	8.21254825592041
1210	8.308887481689453
1211	8.290392875671387
1212	8.344547271728516
1213	8.166722297668457
1214	8.289799690246582
1215	8.345669746398926
1216	8.2705659866333
1217	8.405479431152344
1218	8.387354850769043
1219	8.349677085876465
1220	8.246400833129883
1221	8.283666610717773
1222	8.444709777832031
1223	8.376770973205566
1224	8.301066398620605
1225	8.317145347595215
1226	8.324541091918945
1227	8.372584342956543
1228	8.304777145385742
1229	8.481056213378906
1230	8.287010192871094
1231	8.336474418640137
1232	8.326705932617188
1233	8.35307502746582
1234	8.398921012878418
1235	8.430258750915527
1236	8.335016250610352
1237	8.456482887268066
1238	8.133905410766602
1239	8.161209106445313
1240	8.232439994812012
1241	8.23171329498291
1242	8.219926834106445
1243	8.19040584564209
1244	8.373333930969238
1245	8.30711555480957
1246	8.257832527160645
1247	8.31422233581543
1248	8.484604835510254
1249	8.58371639251709
1250	8.429136276245117
1251	8.240275382995605
1252	8.379502296447754
1253	8.23360824584961
1254	8.225696563720703
1255	8.183646202087402
1256	8.346146583557129
1257	8.267592430114746
1258	8.339776039123535
1259	8.313840866088867
1260	8.436480522155762
1261	8.343799591064453
1262	8.202054023742676
1263	8.271224021911621
1264	8.381912231445313
1265	8.305562973022461
1266	8.31585693359375
1267	8.151729583740234
1268	8.290162086486816
1269	8.234855651855469
1270	8.098207473754883
1271	8.22691535949707
1272	8.409598350524902
1273	8.198935508728027
1274	8.14603328704834
1275	8.201581001281738
1276	8.252898216247559
1277	8.279162406921387
1278	8.458252906799316
1279	8.320371627807617
1280	8.324600219726563
1281	8.357332229614258
1282	8.467862129211426
1283	8.306421279907227
1284	8.211480140686035
1285	8.262831687927246
1286	8.25617504119873
1287	8.26821231842041
1288	8.363625526428223
1289	8.203839302062988
1290	8.20699405670166
1291	8.273995399475098
1292	8.283990859985352
1293	8.379950523376465
1294	8.240782737731934
1295	8.310973167419434
1296	8.26606559753418
1297	8.314558029174805
1298	8.426852226257324
1299	8.277283668518066
1300	8.226334571838379
1301	8.21568489074707
1302	8.273066520690918
1303	8.232181549072266
1304	8.248762130737305
1305	8.305888175964355
1306	8.183259963989258
1307	8.566380500793457
1308	8.35871696472168
1309	8.205580711364746
1310	8.311388969421387
1311	8.349600791931152
1312	8.297149658203125
1313	8.364705085754395
1314	8.222527503967285
1315	8.29136848449707
1316	8.284767150878906
1317	8.291027069091797
1318	8.251258850097656
1319	8.46379566192627
1320	8.294478416442871
1321	8.344207763671875
1322	8.222694396972656
1323	8.27737808227539
1324	8.350714683532715
1325	8.448301315307617
1326	8.448343276977539
1327	8.27294921875
1328	8.35263729095459
1329	8.328115463256836
1330	8.408099174499512
1331	8.28931999206543
1332	8.293599128723145
1333	8.401780128479004
1334	8.28639030456543
1335	8.297215461730957
1336	8.381612777709961
1337	8.280472755432129
1338	8.310157775878906
1339	8.31535530090332
1340	8.445158004760742
1341	8.450489044189453
1342	8.304237365722656
1343	8.412012100219727
1344	8.45663070678711
1345	8.288650512695313
1346	8.303731918334961
1347	8.351117134094238
1348	8.269164085388184
1349	8.364913940429688
1350	8.216017723083496
1351	8.242484092712402
1352	8.40434455871582
1353	8.28989315032959
1354	8.2605619430542
1355	8.280495643615723
1356	8.273040771484375
1357	8.303420066833496
1358	8.112486839294434
1359	8.191810607910156
1360	8.267145156860352
1361	8.192521095275879
1362	8.337414741516113
1363	8.248848915100098
1364	8.3264799118042
1365	8.364324569702148
1366	8.250532150268555
1367	8.232597351074219
1368	8.342326164245605
1369	8.24672794342041
1370	8.320204734802246
1371	8.269634246826172
1372	8.433124542236328
1373	8.335152626037598
1374	8.39159870147705
1375	8.2532320022583
1376	8.267671585083008
1377	8.296353340148926
1378	8.358314514160156
1379	8.255608558654785
1380	8.285170555114746
1381	8.206023216247559
1382	8.181492805480957
1383	8.171610832214355
1384	8.427994728088379
1385	8.333581924438477
1386	8.158327102661133
1387	8.328641891479492
1388	8.300798416137695
1389	8.382250785827637
1390	8.228657722473145
1391	8.25861644744873
1392	8.378795623779297
1393	8.394603729248047
1394	8.376583099365234
1395	8.214101791381836
1396	8.405394554138184
1397	8.375214576721191
1398	8.29902172088623
1399	8.449589729309082
1400	8.51325511932373
1401	8.434917449951172
1402	8.40514087677002
1403	8.312117576599121
1404	8.217381477355957
1405	8.343816757202148
1406	8.293253898620605
1407	8.262840270996094
1408	8.397984504699707
1409	8.33743667602539
1410	8.142159461975098
1411	8.182622909545898
1412	8.40771770477295
1413	8.193730354309082
1414	8.296289443969727
1415	8.32234001159668
1416	8.3695707321167
1417	8.23670482635498
1418	8.234720230102539
1419	8.392393112182617
1420	8.109902381896973
1421	8.206679344177246
1422	8.207768440246582
1423	8.282259941101074
1424	8.199843406677246
1425	8.403261184692383
1426	8.178215980529785
1427	8.285234451293945
1428	8.313228607177734
1429	8.309503555297852
1430	8.326552391052246
1431	8.273423194885254
1432	8.386710166931152
1433	8.286996841430664
1434	8.271990776062012
1435	8.364826202392578
1436	8.375988006591797
1437	8.308953285217285
1438	8.292603492736816
1439	8.369512557983398
1440	8.21842098236084
1441	8.166415214538574
1442	8.224365234375
1443	8.271598815917969
1444	8.239222526550293
1445	8.2332181930542
1446	8.101968765258789
1447	8.217902183532715
1448	8.214656829833984
1449	8.234158515930176
1450	8.222344398498535
1451	8.206771850585938
1452	8.192691802978516
1453	8.121604919433594
1454	8.122515678405762
1455	8.239542007446289
1456	8.19866943359375
1457	8.327656745910645
1458	8.324910163879395
1459	8.21099853515625
1460	8.342427253723145
1461	8.418789863586426
1462	8.18174934387207
1463	8.150494575500488
1464	8.275867462158203
1465	8.234301567077637
1466	8.28252124786377
1467	8.200126647949219
1468	8.13143253326416
1469	8.05886459350586
1470	8.182369232177734
1471	8.258800506591797
1472	8.174877166748047
1473	8.159449577331543
1474	8.158140182495117
1475	8.234906196594238
1476	8.139019966125488
1477	8.155439376831055
1478	8.182306289672852
1479	8.241915702819824
1480	8.320649147033691
1481	8.101423263549805
1482	8.189414978027344
1483	8.217853546142578
1484	8.324065208435059
1485	8.161564826965332
1486	8.166008949279785
1487	8.257104873657227
1488	8.265481948852539
1489	8.340923309326172
1490	8.282569885253906
1491	8.360197067260742
1492	8.15155029296875
1493	8.402799606323242
1494	8.33558464050293
1495	8.164765357971191
1496	8.16280746459961
1497	8.124996185302734
1498	8.252561569213867
1499	8.139932632446289
1500	8.240062713623047
1501	8.28565502166748
1502	8.418059349060059
1503	8.258997917175293
1504	8.260322570800781
1505	8.238182067871094
1506	8.328885078430176
1507	8.197439193725586
1508	8.285813331604004
1509	8.30396842956543
1510	8.342768669128418
1511	8.505634307861328
1512	8.384161949157715
1513	8.235678672790527
1514	8.25015926361084
1515	8.271145820617676
1516	8.239975929260254
1517	8.201349258422852
1518	8.218270301818848
1519	8.256017684936523
1520	8.256819725036621
1521	8.204564094543457
1522	8.100341796875
1523	8.267579078674316
1524	8.200357437133789
1525	8.154439926147461
1526	8.26866340637207
1527	8.234888076782227
1528	8.172279357910156
1529	8.232569694519043
1530	8.320530891418457
1531	8.414473533630371
1532	8.320584297180176
1533	8.315990447998047
1534	8.266127586364746
1535	8.214674949645996
1536	8.229130744934082
1537	8.226893424987793
1538	8.420609474182129
1539	8.317641258239746
1540	8.371100425720215
1541	8.234756469726563
1542	8.102177619934082
1543	8.181961059570313
1544	8.383583068847656
1545	8.096495628356934
1546	8.214109420776367
1547	8.395149230957031
1548	8.419244766235352
1549	8.365577697753906
1550	8.323145866394043
1551	8.310813903808594
1552	8.27095890045166
1553	8.185311317443848
1554	8.243372917175293
1555	8.335301399230957
1556	8.233965873718262
1557	8.211869239807129
1558	8.365385055541992
1559	8.314499855041504
1560	8.194673538208008
1561	8.285137176513672
1562	8.224760055541992
1563	8.239530563354492
1564	8.123213768005371
1565	8.202266693115234
1566	8.339563369750977
1567	8.228920936584473
1568	8.324277877807617
1569	8.094757080078125
1570	8.217612266540527
1571	8.299875259399414
1572	8.196505546569824
1573	8.233438491821289
1574	8.414413452148438
1575	8.453163146972656
1576	8.344382286071777
1577	8.315350532531738
1578	8.209527969360352
1579	8.280519485473633
1580	8.388754844665527
1581	8.269768714904785
1582	8.103129386901855
1583	8.334151268005371
1584	8.462467193603516
1585	8.336516380310059
1586	8.260394096374512
1587	8.339618682861328
1588	8.393611907958984
1589	8.303420066833496
1590	8.272378921508789
1591	8.409187316894531
1592	8.335562705993652
1593	8.396339416503906
1594	8.405203819274902
1595	8.312592506408691
1596	8.388992309570313
1597	8.32736873626709
1598	8.274848937988281
1599	8.386656761169434
1600	8.44466781616211
1601	8.379212379455566
1602	8.418310165405273
1603	8.356599807739258
1604	8.34799575805664
1605	8.394268989562988
1606	8.2360200881958
1607	8.32465934753418
1608	8.340754508972168
1609	8.296480178833008
1610	8.349513053894043
1611	8.431207656860352
1612	8.334540367126465
1613	8.573325157165527
1614	8.332568168640137
1615	8.302277565002441
1616	8.305346488952637
1617	8.17559814453125
1618	8.301746368408203
1619	8.253616333007813
1620	8.352361679077148
1621	8.657872200012207
1622	8.501172065734863
1623	8.261058807373047
1624	8.373403549194336
1625	8.304038047790527
1626	8.435771942138672
1627	8.426661491394043
1628	8.39535903930664
1629	8.356047630310059
1630	8.213605880737305
1631	8.257488250732422
1632	8.252605438232422
1633	8.304203033447266
1634	8.29883861541748
1635	8.227543830871582
1636	8.209744453430176
1637	8.368367195129395
1638	8.322124481201172
1639	8.285703659057617
1640	8.318775177001953
1641	8.30765151977539
1642	8.379293441772461
1643	8.27139663696289
1644	8.31212329864502
1645	8.255228996276855
1646	8.213227272033691
1647	8.253690719604492
1648	8.277164459228516
1649	8.140487670898438
1650	8.142655372619629
1651	8.332884788513184
1652	8.394685745239258
1653	8.344600677490234
1654	8.344738006591797
1655	8.286186218261719
1656	8.32479476928711
1657	8.286640167236328
1658	8.318656921386719
1659	8.207791328430176
1660	8.150640487670898
1661	8.199319839477539
1662	8.268893241882324
1663	8.311945915222168
1664	8.21987533569336
1665	8.27417278289795
1666	8.304170608520508
1667	8.195416450500488
1668	8.253443717956543
1669	8.284833908081055
1670	8.23378849029541
1671	8.164976119995117
1672	8.366096496582031
1673	8.215316772460938
1674	8.17985725402832
1675	8.341625213623047
1676	8.344193458557129
1677	8.288031578063965
1678	8.40662670135498
1679	8.243412971496582
1680	8.242913246154785
1681	8.317499160766602
1682	8.308568954467773
1683	8.204801559448242
1684	8.215660095214844
1685	8.33864688873291
1686	8.32785701751709
1687	8.19373893737793
1688	8.258480072021484
1689	8.190147399902344
1690	8.146089553833008
1691	8.247008323669434
1692	8.244685173034668
1693	8.20442008972168
1694	8.174598693847656
1695	8.28499698638916
1696	8.257270812988281
1697	8.259475708007813
1698	8.248730659484863
1699	8.273701667785645
1700	8.261405944824219
1701	8.361285209655762
1702	8.17276382446289
1703	8.334304809570313
1704	8.429620742797852
1705	8.30246639251709
1706	8.26578426361084
1707	8.48426342010498
1708	8.35492992401123
1709	8.329046249389648
1710	8.232378959655762
1711	8.297656059265137
1712	8.36863899230957
1713	8.41573715209961
1714	8.192559242248535
1715	8.302637100219727
1716	8.157217979431152
1717	8.166035652160645
1718	8.21486759185791
1719	8.292911529541016
1720	8.247315406799316
1721	8.142428398132324
1722	8.213865280151367
1723	8.205832481384277
1724	8.154794692993164
1725	8.256409645080566
1726	8.214126586914063
1727	8.25182056427002
1728	8.306190490722656
1729	8.157337188720703
1730	8.356902122497559
1731	8.245903968811035
1732	8.192968368530273
1733	8.259511947631836
1734	8.122559547424316
1735	8.168978691101074
1736	8.15359878540039
1737	8.271210670471191
1738	8.301318168640137
1739	8.230667114257813
1740	8.27204418182373
1741	8.125568389892578
1742	8.252725601196289
1743	8.12552547454834
1744	8.223901748657227
1745	8.228168487548828
1746	8.30922794342041
1747	8.210105895996094
1748	8.25216293334961
1749	8.223213195800781
1750	8.255274772644043
1751	8.194934844970703
1752	8.236740112304688
1753	8.289999961853027
1754	8.281238555908203
1755	8.225618362426758
1756	8.274685859680176
1757	8.331683158874512
1758	8.338653564453125
1759	8.269570350646973
1760	8.273605346679688
1761	8.212077140808105
1762	8.305376052856445
1763	8.256196022033691
1764	8.202542304992676
1765	8.260563850402832
1766	8.162171363830566
1767	8.141341209411621
1768	8.304346084594727
1769	8.239167213439941
1770	8.29986572265625
1771	8.192160606384277
1772	8.171527862548828
1773	8.281781196594238
1774	8.24315357208252
1775	8.314262390136719
1776	8.324441909790039
1777	8.260629653930664
1778	8.332779884338379
1779	8.243571281433105
1780	8.41189956665039
1781	8.25153923034668
1782	8.238980293273926
1783	8.256783485412598
1784	8.27713394165039
1785	8.158836364746094
1786	8.170434951782227
1787	8.321796417236328
1788	8.209405899047852
1789	8.183626174926758
1790	8.248712539672852
1791	8.327040672302246
1792	8.282036781311035
1793	8.189045906066895
1794	8.10637378692627
1795	8.275569915771484
1796	8.24738883972168
1797	8.186206817626953
1798	8.28701114654541
1799	8.188385009765625
1800	8.244583129882813
1801	8.215526580810547
1802	8.357038497924805
1803	8.337302207946777
1804	8.30970287322998
1805	8.365105628967285
1806	8.336894035339355
1807	8.345355033874512
1808	8.319276809692383
1809	8.23438835144043
1810	8.435873031616211
1811	8.319339752197266
1812	8.330554008483887
1813	8.244694709777832
1814	8.186500549316406
1815	8.32194709777832
1816	8.288434028625488
1817	8.26648235321045
1818	8.337421417236328
1819	8.240104675292969
1820	8.208931922912598
1821	8.179841995239258
1822	8.305337905883789
1823	8.31708812713623
1824	8.259140968322754
1825	8.18496322631836
1826	8.160621643066406
1827	8.290072441101074
1828	8.20931625366211
1829	8.402626037597656
1830	8.171171188354492
1831	8.320085525512695
1832	8.22923469543457
1833	8.382506370544434
1834	8.234678268432617
1835	8.281795501708984
1836	8.357905387878418
1837	8.322668075561523
1838	8.107635498046875
1839	8.359585762023926
1840	8.278072357177734
1841	8.237974166870117
1842	8.184531211853027
1843	8.156469345092773
1844	8.291154861450195
1845	8.235638618469238
1846	8.285368919372559
1847	8.28357982635498
1848	8.195259094238281
1849	8.287150382995605
1850	8.23001766204834
1851	8.339597702026367
1852	8.154027938842773
1853	8.18008804321289
1854	8.332006454467773
1855	8.224725723266602
1856	8.203376770019531
1857	8.23117733001709
1858	8.45999526977539
1859	8.285541534423828
1860	8.228885650634766
1861	8.351981163024902
1862	8.258846282958984
1863	8.280509948730469
1864	8.291749000549316
1865	8.216120719909668
1866	8.249641418457031
1867	8.237395286560059
1868	8.115802764892578
1869	8.149308204650879
1870	8.060909271240234
1871	8.259138107299805
1872	8.45625114440918
1873	8.402461051940918
1874	8.23507308959961
1875	8.224146842956543
1876	8.265327453613281
1877	8.220308303833008
1878	8.282861709594727
1879	8.420492172241211
1880	8.282227516174316
1881	8.278233528137207
1882	8.294968605041504
1883	8.222495079040527
1884	8.302431106567383
1885	8.280896186828613
1886	8.273577690124512
1887	8.354936599731445
1888	8.357980728149414
1889	8.367609977722168
1890	8.196606636047363
1891	8.279014587402344
1892	8.2782621383667
1893	8.214179992675781
1894	8.248499870300293
1895	8.269486427307129
1896	8.200300216674805
1897	8.298836708068848
1898	8.270599365234375
1899	8.415063858032227
1900	8.441893577575684
1901	8.214024543762207
1902	8.165253639221191
1903	8.281980514526367
1904	8.197535514831543
1905	8.150824546813965
1906	8.200666427612305
1907	8.1978759765625
1908	8.298603057861328
1909	8.247356414794922
1910	8.224672317504883
1911	8.285079002380371
1912	8.23648738861084
1913	8.249427795410156
1914	8.388620376586914
1915	8.32589340209961
1916	8.298260688781738
1917	8.211917877197266
1918	8.178786277770996
1919	8.265318870544434
1920	8.493353843688965
1921	8.196097373962402
1922	8.250754356384277
1923	8.140052795410156
1924	8.249760627746582
1925	8.266362190246582
1926	8.240371704101563
1927	8.325014114379883
1928	8.324233055114746
1929	8.262883186340332
1930	8.340885162353516
1931	8.25926685333252
1932	8.211629867553711
1933	8.252306938171387
1934	8.148603439331055
1935	8.292792320251465
1936	8.242671966552734
1937	8.232255935668945
1938	8.110966682434082
1939	8.154958724975586
1940	8.255233764648438
1941	8.159141540527344
1942	8.291407585144043
1943	8.224547386169434
1944	8.254914283752441
1945	8.282835960388184
1946	8.23119068145752
1947	8.223621368408203
1948	8.393000602722168
1949	8.2151517868042
1950	8.26364803314209
1951	8.349637985229492
1952	8.13504409790039
1953	8.342263221740723
1954	8.242249488830566
1955	8.385849952697754
1956	8.152471542358398
1957	8.206650733947754
1958	8.156102180480957
1959	8.379070281982422
1960	8.299975395202637
1961	8.261736869812012
1962	8.192380905151367
1963	8.207388877868652
1964	8.297224998474121
1965	8.426822662353516
1966	8.189848899841309
1967	8.220845222473145
1968	8.334418296813965
1969	8.26776123046875
1970	8.279047966003418
1971	8.111251831054688
1972	8.212316513061523
1973	8.193772315979004
1974	8.164507865905762
1975	8.312253952026367
1976	8.382223129272461
1977	8.300703048706055
1978	8.402573585510254
1979	8.359007835388184
1980	8.335556030273438
1981	8.434530258178711
1982	8.189382553100586
1983	8.210952758789063
1984	8.228178977966309
1985	8.193674087524414
1986	8.323978424072266
1987	8.23621654510498
1988	8.174388885498047
1989	8.343362808227539
1990	8.296110153198242
1991	8.21015739440918
1992	8.364389419555664
1993	8.372478485107422
1994	8.382272720336914
1995	8.262595176696777
1996	8.227572441101074
1997	8.244733810424805
1998	8.17323112487793
1999	8.357142448425293
2000	8.323295593261719
2001	8.389753341674805
2002	8.329315185546875
2003	8.314741134643555
2004	8.305840492248535
2005	8.361846923828125
2006	8.454805374145508
2007	8.35073184967041
2008	8.429189682006836
2009	8.397171020507813
2010	8.220147132873535
2011	8.269633293151855
2012	8.323823928833008
2013	8.399069786071777
2014	8.342718124389648
2015	8.345968246459961
2016	8.278863906860352
2017	8.251130104064941
2018	8.257488250732422
2019	8.254406929016113
2020	8.336506843566895
2021	8.422425270080566
2022	8.286677360534668
2023	8.198602676391602
2024	8.241250038146973
2025	8.280515670776367
2026	8.252617835998535
2027	8.226205825805664
2028	8.318281173706055
2029	8.234145164489746
2030	8.350796699523926
2031	8.24951457977295
2032	8.400335311889648
2033	8.261336326599121
2034	8.279108047485352
2035	8.33689022064209
2036	8.316192626953125
2037	8.251016616821289
2038	8.37239933013916
2039	8.270678520202637
2040	8.210451126098633
2041	8.318282127380371
2042	8.288403511047363
2043	8.326382637023926
2044	8.236939430236816
2045	8.282612800598145
2046	8.283203125
2047	8.17850399017334
2048	8.122932434082031
2049	8.186213493347168
2050	8.274059295654297
2051	8.180662155151367
2052	8.351984977722168
2053	8.278831481933594
2054	8.32956600189209
2055	8.230110168457031
2056	8.321760177612305
2057	8.49753475189209
2058	8.311799049377441
2059	8.407243728637695
2060	8.373632431030273
2061	8.408563613891602
2062	8.313767433166504
2063	8.39648723602295
2064	8.230640411376953
2065	8.393150329589844
2066	8.385766983032227
2067	8.3596830368042
2068	8.270089149475098
2069	8.3143892288208
2070	8.30162525177002
2071	8.337040901184082
2072	8.396950721740723
2073	8.243794441223145
2074	8.101595878601074
2075	8.214773178100586
2076	8.161684036254883
2077	8.217731475830078
2078	8.303698539733887
2079	8.1272611618042
2080	8.370301246643066
2081	8.417025566101074
2082	8.376665115356445
2083	8.23409366607666
2084	8.324141502380371
2085	8.290257453918457
2086	8.29062271118164
2087	8.307747840881348
2088	8.395641326904297
2089	8.14362907409668
2090	8.481470108032227
2091	8.294144630432129
2092	8.108698844909668
2093	8.412385940551758
2094	8.32528305053711
2095	8.262967109680176
2096	8.377692222595215
2097	8.205528259277344
2098	8.27785587310791
2099	8.254518508911133
2100	8.229376792907715
2101	8.139852523803711
2102	8.264750480651855
2103	8.320466995239258
2104	8.239526748657227
2105	8.245901107788086
2106	8.172584533691406
2107	8.116975784301758
2108	8.1383695602417
2109	8.045552253723145
2110	8.302261352539063
2111	8.287564277648926
2112	8.305069923400879
2113	8.164121627807617
2114	8.303768157958984
2115	8.250038146972656
2116	8.39967155456543
2117	8.373489379882813
2118	8.260753631591797
2119	8.18306827545166
2120	8.251742362976074
2121	8.221652030944824
2122	8.381006240844727
2123	8.325468063354492
2124	8.267273902893066
2125	8.270904541015625
2126	8.341938018798828
2127	8.44296646118164
2128	8.455636024475098
2129	8.272107124328613
2130	8.29876708984375
2131	8.308059692382813
2132	8.200570106506348
2133	8.289958953857422
2134	8.303667068481445
2135	8.250499725341797
2136	8.380749702453613
2137	8.345144271850586
2138	8.237714767456055
2139	8.29443073272705
2140	8.273841857910156
2141	8.17882251739502
2142	8.212468147277832
2143	8.306307792663574
2144	8.34643840789795
2145	8.353313446044922
2146	8.378829002380371
2147	8.196904182434082
2148	8.259650230407715
2149	8.389811515808105
2150	8.41706657409668
2151	8.274279594421387
2152	8.22596549987793
2153	8.240691184997559
2154	8.161396026611328
2155	8.32533073425293
2156	8.420154571533203
2157	8.302727699279785
2158	8.252830505371094
2159	8.352398872375488
2160	8.431652069091797
2161	8.463984489440918
2162	8.371373176574707
2163	8.295528411865234
2164	8.199233055114746
2165	8.284680366516113
2166	8.44018840789795
2167	8.444199562072754
2168	8.440692901611328
2169	8.343274116516113
2170	8.32874870300293
2171	8.38806438446045
2172	8.427335739135742
2173	8.386592864990234
2174	8.35049057006836
2175	8.424453735351563
2176	8.247648239135742
2177	8.265109062194824
2178	8.348919868469238
2179	8.452234268188477
2180	8.204675674438477
2181	8.180837631225586
2182	8.277874946594238
2183	8.133881568908691
2184	8.213737487792969
2185	8.224140167236328
2186	8.197092056274414
2187	8.20687198638916
2188	8.208351135253906
2189	8.420557022094727
2190	8.358438491821289
2191	8.24285888671875
2192	8.217477798461914
2193	8.283430099487305
2194	8.449483871459961
2195	8.546205520629883
2196	8.26225471496582
2197	8.193643569946289
2198	8.147689819335938
2199	8.408187866210938
2200	8.400906562805176
2201	8.24822998046875
2202	8.28925895690918
2203	8.286918640136719
2204	8.22262191772461
2205	8.264761924743652
2206	8.35128402709961
2207	8.32199478149414
2208	8.294953346252441
2209	8.381678581237793
2210	8.413354873657227
2211	8.356727600097656
2212	8.34444808959961
2213	8.1857328414917
2214	8.352557182312012
2215	8.244433403015137
2216	8.238838195800781
2217	8.287014961242676
2218	8.438371658325195
2219	8.18920612335205
2220	8.275639533996582
2221	8.251749038696289
2222	8.30586051940918
2223	8.292204856872559
2224	8.396080017089844
2225	8.430797576904297
2226	8.322751998901367
2227	8.316180229187012
2228	8.323002815246582
2229	8.274436950683594
2230	8.322086334228516
2231	8.287184715270996
2232	8.369401931762695
2233	8.267635345458984
2234	8.2576322555542
2235	8.295053482055664
2236	8.368592262268066
2237	8.273380279541016
2238	8.411515235900879
2239	8.34579849243164
2240	8.344812393188477
2241	8.230477333068848
2242	8.211807250976563
2243	8.268014907836914
2244	8.197771072387695
2245	8.35261344909668
2246	8.281072616577148
2247	8.228720664978027
2248	8.316652297973633
2249	8.283459663391113
2250	8.263978958129883
2251	8.237109184265137
2252	8.238242149353027
2253	8.208027839660645
2254	8.198944091796875
2255	8.347148895263672
2256	8.3043212890625
2257	8.184174537658691
2258	8.160774230957031
2259	8.290485382080078
2260	8.251931190490723
2261	8.353032112121582
2262	8.354246139526367
2263	8.282536506652832
2264	8.238297462463379
2265	8.218356132507324
2266	8.254613876342773
2267	8.291510581970215
2268	8.378652572631836
2269	8.32681941986084
2270	8.289166450500488
2271	8.261337280273438
2272	8.324102401733398
2273	8.363184928894043
2274	8.258101463317871
2275	8.225034713745117
2276	8.340925216674805
2277	8.319117546081543
2278	8.365072250366211
2279	8.319403648376465
2280	8.364241600036621
2281	8.306814193725586
2282	8.400586128234863
2283	8.313227653503418
2284	8.321085929870605
2285	8.312396049499512
2286	8.348799705505371
2287	8.221514701843262
2288	8.300551414489746
2289	8.228997230529785
2290	8.09813117980957
2291	8.136429786682129
2292	8.044721603393555
2293	8.116179466247559
2294	8.187112808227539
2295	8.271662712097168
2296	8.132213592529297
2297	8.1264066696167
2298	8.199838638305664
2299	8.197148323059082
2300	8.105395317077637
2301	8.125921249389648
2302	8.150566101074219
2303	8.179516792297363
2304	8.145853996276855
2305	8.322657585144043
2306	8.26596450805664
2307	8.247997283935547
2308	8.163511276245117
2309	8.21253490447998
2310	8.106407165527344
2311	8.086021423339844
2312	8.229973793029785
2313	8.150790214538574
2314	8.122481346130371
2315	8.121565818786621
2316	8.142858505249023
2317	8.209566116333008
2318	8.18250560760498
2319	8.112189292907715
2320	8.160573959350586
2321	8.089678764343262
2322	8.162505149841309
2323	8.178436279296875
2324	8.184815406799316
2325	8.15332317352295
2326	8.107905387878418
2327	8.077967643737793
2328	8.193038940429688
2329	8.24103832244873
2330	8.122572898864746
2331	8.161344528198242
2332	8.23656177520752
2333	8.174423217773438
2334	8.136775970458984
2335	8.174629211425781
2336	8.147111892700195
2337	8.124579429626465
2338	8.217613220214844
2339	8.12562370300293
2340	8.093775749206543
2341	8.187372207641602
2342	8.150493621826172
2343	8.242424011230469
2344	8.22671890258789
2345	8.208250045776367
2346	8.205565452575684
2347	8.189748764038086
2348	8.247237205505371
2349	8.28903865814209
2350	8.16100025177002
2351	8.230108261108398
2352	8.173141479492188
2353	8.292646408081055
2354	8.2346830368042
2355	8.19002914428711
2356	8.124612808227539
2357	8.129081726074219
2358	8.180940628051758
2359	8.1566801071167
2360	8.18251895904541
2361	8.033330917358398
2362	8.086739540100098
2363	8.191397666931152
2364	8.171663284301758
2365	8.149659156799316
2366	8.2693510055542
2367	8.282715797424316
2368	8.290566444396973
2369	8.205347061157227
2370	8.307247161865234
2371	8.144322395324707
2372	8.152491569519043
2373	8.295720100402832
2374	8.250324249267578
2375	8.191679000854492
2376	8.180804252624512
2377	8.09270191192627
2378	8.162581443786621
2379	8.222322463989258
2380	8.286504745483398
2381	8.243057250976563
2382	8.114486694335938
2383	8.344597816467285
2384	8.292593002319336
2385	8.228842735290527
2386	8.237591743469238
2387	8.232583045959473
2388	8.227273941040039
2389	8.292677879333496
2390	8.263137817382813
2391	8.215498924255371
2392	8.168390274047852
2393	8.188467979431152
2394	8.206767082214355
2395	8.306229591369629
2396	8.191157341003418
2397	8.264982223510742
2398	8.245414733886719
2399	8.145281791687012
2400	8.17731761932373
2401	8.205132484436035
2402	8.135852813720703
2403	8.39649772644043
2404	8.218050003051758
2405	8.260702133178711
2406	8.121814727783203
2407	8.213739395141602
2408	8.220979690551758
2409	8.18078327178955
2410	8.110397338867188
2411	8.251384735107422
2412	8.167136192321777
2413	8.162333488464355
2414	8.165596008300781
2415	8.26832389831543
2416	8.20301628112793
2417	8.265544891357422
2418	8.230857849121094
2419	8.295876502990723
2420	8.226646423339844
2421	8.27224349975586
2422	8.212910652160645
2423	8.14342975616455
2424	8.16862678527832
2425	8.240625381469727
2426	8.144519805908203
2427	8.185076713562012
2428	8.152976989746094
2429	8.269444465637207
2430	8.194070816040039
2431	8.225842475891113
2432	8.188310623168945
2433	8.257491111755371
2434	8.128479957580566
2435	8.164414405822754
2436	8.233112335205078
2437	8.22491455078125
2438	8.330615043640137
2439	8.323185920715332
2440	8.094922065734863
2441	8.178714752197266
2442	8.225193977355957
2443	8.150311470031738
2444	8.134482383728027
2445	8.331023216247559
2446	8.107547760009766
2447	8.09203815460205
2448	8.095138549804688
2449	8.23560619354248
2450	8.155500411987305
2451	8.206189155578613
2452	8.179972648620605
2453	8.270927429199219
2454	8.143424034118652
2455	8.188922882080078
2456	8.184353828430176
2457	8.182642936706543
2458	8.172697067260742
2459	8.168010711669922
2460	8.293085098266602
2461	8.15329360961914
2462	8.119991302490234
2463	8.221053123474121
2464	8.173003196716309
2465	8.23530101776123
2466	8.147696495056152
2467	8.248979568481445
2468	8.198902130126953
2469	8.056951522827148
2470	8.135149955749512
2471	8.2299222946167
2472	8.087090492248535
2473	8.148758888244629
2474	8.142328262329102
2475	8.049793243408203
2476	8.216017723083496
2477	8.185744285583496
2478	8.079081535339355
2479	8.115174293518066
2480	8.240750312805176
2481	8.105669975280762
2482	8.136689186096191
2483	8.216119766235352
2484	8.158721923828125
2485	8.13361930847168
2486	8.125943183898926
2487	8.207815170288086
2488	8.18964958190918
2489	8.159574508666992
2490	8.334997177124023
2491	8.08382511138916
2492	8.29001235961914
2493	8.2085542678833
2494	8.115667343139648
2495	8.117064476013184
2496	8.145722389221191
2497	8.247530937194824
2498	8.251164436340332
2499	8.19227409362793
2500	8.15246295928955
2501	8.215678215026855
2502	8.17250919342041
2503	8.204395294189453
2504	8.1573486328125
2505	8.132353782653809
2506	8.107126235961914
2507	8.263401985168457
2508	8.276906967163086
2509	8.290277481079102
2510	8.087845802307129
2511	8.223532676696777
2512	8.123739242553711
2513	8.207833290100098
2514	8.222546577453613
2515	8.210945129394531
2516	8.243392944335938
2517	8.30181884765625
2518	8.221709251403809
2519	8.191717147827148
2520	8.165556907653809
2521	8.147315979003906
2522	8.171361923217773
2523	8.070198059082031
2524	8.211689949035645
2525	8.242877006530762
2526	8.316423416137695
2527	8.254109382629395
2528	8.359118461608887
2529	8.3040132522583
2530	8.179662704467773
2531	8.247861862182617
2532	8.206995964050293
2533	8.22668743133545
2534	8.140948295593262
2535	8.129612922668457
2536	8.204833984375
2537	8.238572120666504
2538	8.215155601501465
2539	8.264947891235352
2540	8.279790878295898
2541	8.33337688446045
2542	8.27461051940918
2543	8.240152359008789
2544	8.34917163848877
2545	8.250754356384277
2546	8.255411148071289
2547	8.228423118591309
2548	8.228062629699707
2549	8.284997940063477
2550	8.204599380493164
2551	8.161823272705078
2552	8.146519660949707
2553	8.298880577087402
2554	8.196817398071289
2555	8.207807540893555
2556	8.190662384033203
2557	8.170119285583496
2558	8.26960277557373
2559	8.124176025390625
2560	8.326494216918945
2561	8.332355499267578
2562	8.187304496765137
2563	8.267807960510254
2564	8.268213272094727
2565	8.259908676147461
2566	8.207192420959473
2567	8.148242950439453
2568	8.223484992980957
2569	8.201913833618164
2570	8.259111404418945
2571	8.218280792236328
2572	8.289481163024902
2573	8.16887092590332
2574	8.129196166992188
2575	8.170990943908691
2576	8.176517486572266
2577	8.129642486572266
2578	8.134483337402344
2579	8.215245246887207
2580	8.09484577178955
2581	8.140153884887695
2582	8.439648628234863
2583	8.265653610229492
2584	8.26059341430664
2585	8.213095664978027
2586	8.22239875793457
2587	8.173988342285156
2588	8.187596321105957
2589	8.101118087768555
2590	8.192290306091309
2591	8.279047966003418
2592	8.22408390045166
2593	8.161185264587402
2594	8.176712036132813
2595	8.184776306152344
2596	8.200530052185059
2597	8.195212364196777
2598	8.220512390136719
2599	8.223016738891602
2600	8.264025688171387
2601	8.168599128723145
2602	8.294934272766113
2603	8.162069320678711
2604	8.209259033203125
2605	8.268400192260742
2606	8.300044059753418
2607	8.1856689453125
2608	8.208979606628418
2609	8.249397277832031
2610	8.322646141052246
2611	8.253777503967285
2612	8.241215705871582
2613	8.188309669494629
2614	8.18920612335205
2615	8.28620433807373
2616	8.406550407409668
2617	8.243435859680176
2618	8.304808616638184
2619	8.119895935058594
2620	8.289360046386719
2621	8.223502159118652
2622	8.268321990966797
2623	8.254494667053223
2624	8.191691398620605
2625	8.211835861206055
2626	8.250408172607422
2627	8.276010513305664
2628	8.261748313903809
2629	8.457906723022461
2630	8.228938102722168
2631	8.233623504638672
2632	8.350401878356934
2633	8.407614707946777
2634	8.224470138549805
2635	8.233445167541504
2636	8.297821998596191
2637	8.212839126586914
2638	8.34164810180664
2639	8.294451713562012
2640	8.16232967376709
2641	8.219547271728516
2642	8.257283210754395
2643	8.135055541992188
2644	8.184343338012695
