frame    mol0
    0      NA
    1   0.000
    2   0.262
    3   0.264
    4   0.269
    5   0.276
    6   0.266
    7   0.277
    8   0.274
    9   0.281
   10   0.244
   11   0.280
   12   0.282
   13   0.286
   14   0.298
   15   0.262
   16   0.310
   17   0.272
   18   0.288
   19   0.318
   20   0.315
   21   0.292
   22   0.320
   23   0.320
   24   0.356
   25   0.363
   26   0.329
   27   0.357
   28   0.352
   29   0.389
   30   0.452
   31   0.467
   32   0.416
   33   0.424
   34   0.433
   35   0.396
   36   0.468
   37   0.552
   38   0.620
   39   0.633
   40   0.566
   41   0.625
   42   0.641
   43   0.550
   44   0.522
   45   1.013
   46   1.150
   47   1.410
   48   1.283
   49   1.299
   50   1.316
   51   1.235
   52   1.323
   53   1.435
   54   1.299
   55   1.145
   56   1.362
   57   1.442
   58   1.580
   59   1.491
   60   1.790
   61   1.640
   62   1.511
   63   1.593
   64   1.401
   65   1.441
   66   1.432
   67   1.514
   68   1.785
   69   1.998
   70   2.002
   71   2.058
   72   2.149
   73   1.989
   74   1.700
   75   1.930
   76   2.219
   77   1.853
   78   1.684
   79   1.912
   80   2.388
   81   2.577
   82   2.306
   83   2.264
   84   2.275
   85   2.332
   86   2.377
   87   2.022
   88   1.959
   89   1.903
   90   1.871
   91   2.052
   92   2.137
   93   2.173
   94   2.051
   95   1.904
   96   2.031
   97   1.796
   98   2.001
   99   1.959
  100   2.115
  101   2.083
  102   1.973
  103   2.001
  104   1.835
  105   1.763
  106   1.602
  107   1.611
  108   1.569
  109   1.523
  110   1.565
  111   1.590
  112   1.730
  113   1.655
  114   1.540
  115   1.634
  116   1.511
  117   1.574
  118   1.505
  119   1.412
  120   1.625
  121   1.651
  122   1.653
  123   1.481
  124   1.522
  125   1.488
  126   1.545
  127   1.307
  128   1.639
  129   1.471
  130   1.499
  131   1.592
  132   1.587
  133   1.617
  134   1.489
  135   1.576
  136   1.479
  137   1.564
  138   1.586
  139   1.678
  140   1.380
  141   1.093
  142   1.169
  143   1.196
  144   1.168
  145   1.398
  146   1.907
  147   1.614
  148   1.790
  149   1.869
  150   1.719
  151   1.596
  152   1.807
  153   1.968
  154   2.102
  155   2.405
  156   2.541
  157   3.009
  158   2.533
  159   2.302
  160   2.317
  161   2.136
  162   2.153
  163   2.116
  164   2.232
  165   2.292
  166   2.345
  167   2.070
  168   2.284
  169   2.375
  170   2.646
  171   2.486
  172   2.408
  173   2.769
  174   2.682
  175   2.749
  176   2.527
  177   2.465
  178   2.500
  179   2.337
  180   2.316
  181   2.462
  182   2.624
  183   2.729
  184   2.525
  185   2.730
  186   2.495
  187   2.558
  188   2.575
  189   2.525
  190   2.381
  191   2.205
  192   2.262
  193   2.363
  194   1.946
  195   2.282
  196   2.289
  197   2.148
  198   2.407
  199   2.305
  200   2.368
  201   2.423
  202   2.272
  203   2.289
  204   2.628
  205   2.536
  206   2.468
  207   2.375
  208   2.387
  209   2.339
  210   2.412
  211   2.201
  212   1.922
  213   2.343
  214   2.114
  215   2.265
  216   2.310
  217   2.161
  218   2.390
  219   2.211
  220   2.558
  221   2.300
  222   2.194
  223   2.248
  224   2.259
  225   2.297
  226   2.379
  227   2.184
  228   2.266
  229   2.487
  230   2.391
  231   2.416
  232   2.209
  233   2.305
  234   2.070
  235   2.265
  236   2.179
  237   1.952
  238   2.298
  239   2.191
  240   2.140
  241   2.078
  242   2.360
  243   2.327
  244   2.152
  245   2.434
  246   2.267
  247   2.440
  248   2.323
  249   2.353
  250   2.115
  251   2.213
  252   2.111
  253   2.020
  254   1.976
  255   2.025
  256   1.974
  257   2.018
  258   2.081
  259   2.257
  260   2.030
  261   2.187
  262   1.882
  263   2.138
  264   1.871
  265   1.963
  266   2.145
  267   2.251
  268   2.421
  269   2.208
  270   2.476
  271   2.101
  272   2.194
  273   2.446
  274   2.557
  275   2.366
  276   2.316
  277   2.196
  278   2.266
  279   2.221
  280   2.214
  281   2.012
  282   2.069
  283   2.083
  284   2.195
  285   2.265
  286   2.082
  287   2.352
  288   2.099
  289   2.033
  290   1.888
  291   1.899
  292   2.085
  293   2.568
  294   2.379
  295   2.083
  296   2.139
  297   2.087
  298   2.258
  299   2.287
  300   2.377
  301   2.355
  302   2.402
  303   2.597
  304   2.419
  305   2.164
  306   2.395
  307   2.130
  308   2.441
  309   2.358
  310   2.193
  311   2.462
  312   2.407
  313   2.036
  314   2.215
  315   2.152
  316   2.053
  317   2.033
  318   2.250
  319   2.119
  320   2.119
  321   2.281
  322   2.421
  323   2.581
  324   2.284
  325   2.273
  326   2.387
  327   2.453
  328   2.283
  329   2.509
  330   2.299
  331   2.318
  332   2.470
  333   2.525
  334   2.338
  335   2.448
  336   2.624
  337   2.458
  338   2.606
  339   2.535
  340   2.246
  341   2.348
  342   2.202
  343   2.488
  344   2.532
  345   2.600
  346   2.615
  347   2.446
  348   2.421
  349   2.565
  350   2.658
  351   2.377
  352   2.578
  353   2.710
  354   2.334
  355   2.355
  356   2.278
  357   2.579
  358   2.141
  359   2.467
  360   2.534
  361   2.678
  362   2.313
  363   2.652
  364   2.316
  365   2.492
  366   2.317
  367   2.217
  368   2.488
  369   2.425
  370   2.706
  371   2.572
  372   2.821
  373   2.935
  374   2.499
  375   2.547
  376   2.497
  377   2.582
  378   2.720
  379   2.530
  380   2.340
  381   2.028
  382   2.866
  383   2.676
  384   2.683
  385   2.508
  386   2.561
  387   2.567
  388   2.667
  389   2.491
  390   2.574
  391   2.692
  392   2.728
  393   2.587
  394   2.844
  395   2.504
  396   2.255
  397   2.268
  398   2.030
  399   2.055
  400   2.135
  401   2.205
  402   2.041
  403   1.951
  404   2.265
  405   2.029
  406   1.971
  407   2.167
  408   1.931
  409   1.964
  410   2.111
  411   2.160
  412   2.039
  413   2.315
  414   2.331
  415   2.362
  416   2.090
  417   2.171
  418   1.939
  419   2.065
  420   2.260
  421   2.293
  422   1.961
  423   2.064
  424   2.070
  425   2.006
  426   1.991
  427   2.038
  428   1.813
  429   2.074
  430   2.041
  431   1.818
  432   2.012
  433   1.973
  434   1.912
  435   2.001
  436   1.976
  437   2.130
  438   2.106
  439   2.513
  440   2.153
  441   2.232
  442   2.291
  443   2.153
  444   2.013
  445   2.352
  446   2.228
  447   1.950
  448   2.088
  449   2.344
  450   2.296
  451   2.386
  452   2.392
  453   2.650
  454   2.614
  455   2.587
  456   2.768
  457   2.894
  458   2.961
  459   2.700
  460   2.824
  461   2.685
  462   2.644
  463   2.734
  464   2.915
  465   2.614
  466   2.595
  467   2.588
  468   2.585
  469   2.260
  470   2.461
  471   2.400
  472   2.176
  473   2.128
  474   2.121
  475   2.540
  476   2.534
  477   2.473
  478   2.240
  479   2.375
  480   2.261
  481   2.269
  482   2.504
  483   2.561
  484   2.676
  485   2.446
  486   2.269
  487   1.983
  488   1.834
  489   1.735
  490   2.081
  491   2.434
  492   2.393
  493   2.235
  494   2.218
  495   2.262
  496   2.291
  497   2.405
  498   2.192
  499   2.093
  500   2.037
  501   2.349
  502   2.552
  503   2.107
  504   2.305
  505   2.234
  506   2.221
  507   2.541
  508   2.498
  509   2.480
  510   2.548
  511   2.259
  512   2.259
  513   2.294
  514   2.202
  515   2.595
  516   2.567
  517   2.511
  518   2.541
  519   2.576
  520   2.475
  521   2.275
  522   2.146
  523   2.481
  524   2.413
  525   2.282
  526   2.431
  527   2.431
  528   2.411
  529   2.409
  530   2.372
  531   2.275
  532   2.187
  533   2.318
  534   2.322
  535   2.451
  536   2.129
  537   2.147
  538   2.371
  539   2.005
  540   1.876
  541   1.824
  542   1.908
  543   1.798
  544   1.850
  545   2.020
  546   2.170
  547   1.943
  548   1.997
  549   1.942
  550   1.974
  551   1.983
  552   1.949
  553   2.117
  554   2.104
  555   1.919
  556   2.151
  557   2.258
  558   1.920
  559   1.620
  560   1.832
  561   1.800
  562   1.891
  563   1.855
  564   2.085
  565   2.187
  566   2.001
  567   2.138
  568   1.914
  569   2.003
  570   2.138
  571   2.149
  572   2.158
  573   1.843
  574   2.050
  575   1.970
  576   2.166
  577   1.880
  578   1.891
  579   1.956
  580   1.892
  581   1.820
  582   2.057
  583   2.078
  584   1.720
  585   2.079
  586   1.868
  587   2.146
  588   2.006
  589   2.141
  590   2.273
  591   2.290
  592   1.984
  593   2.051
  594   2.047
  595   1.861
  596   1.716
  597   1.796
  598   1.729
  599   1.753
  600   1.664
  601   1.974
  602   2.018
  603   2.128
  604   2.153
  605   1.985
  606   1.946
  607   1.942
  608   1.755
  609   2.002
  610   1.897
  611   1.682
  612   1.923
  613   1.757
  614   1.903
  615   1.922
  616   1.658
  617   1.698
  618   1.823
  619   1.661
  620   2.016
  621   2.129
  622   2.212
  623   2.169
  624   2.164
  625   2.074
  626   2.267
  627   2.069
  628   2.114
  629   2.183
  630   2.132
  631   1.876
  632   1.936
  633   1.966
  634   1.819
  635   2.216
  636   2.426
  637   2.308
  638   2.378
  639   2.535
  640   2.456
  641   2.480
  642   2.241
  643   2.172
  644   2.252
  645   1.793
  646   2.348
  647   2.189
  648   2.305
  649   2.369
  650   2.516
  651   2.554
  652   2.694
  653   2.111
  654   2.425
  655   2.722
  656   2.686
  657   2.718
  658   2.634
  659   2.725
  660   2.685
  661   2.489
  662   2.487
  663   2.562
  664   2.580
  665   2.325
  666   2.346
  667   2.731
  668   2.677
  669   2.809
  670   2.589
  671   2.656
  672   2.935
  673   2.679
  674   2.757
  675   2.670
  676   2.557
  677   2.190
  678   2.142
  679   2.252
  680   2.297
  681   1.881
  682   2.105
  683   2.077
  684   2.061
  685   2.022
  686   2.065
  687   2.111
  688   1.814
  689   2.004
  690   1.854
  691   2.054
  692   1.835
  693   1.805
  694   2.056
  695   1.903
  696   2.021
  697   1.888
  698   1.789
  699   2.029
  700   1.771
  701   2.057
  702   2.005
  703   2.230
  704   2.634
  705   2.904
  706   3.045
  707   3.110
  708   3.055
  709   3.092
  710   2.959
  711   3.444
  712   3.480
  713   3.298
  714   2.625
  715   2.885
  716   3.380
  717   3.715
  718   3.625
  719   3.510
  720   3.667
  721   3.275
  722   3.707
  723   3.623
  724   3.657
  725   3.733
  726   3.334
  727   3.409
  728   3.051
  729   3.278
  730   3.209
  731   3.560
  732   3.420
  733   3.381
  734   3.291
  735   3.153
  736   3.176
  737   3.195
  738   3.164
  739   3.285
  740   3.282
  741   3.171
  742   3.108
  743   3.171
  744   3.314
  745   3.092
  746   3.107
  747   2.789
  748   3.422
  749   3.148
  750   3.235
  751   3.253
  752   2.824
  753   2.667
  754   2.615
  755   2.440
  756   2.548
  757   2.400
  758   2.416
  759   2.622
  760   2.385
  761   2.381
  762   2.587
  763   2.112
  764   2.171
  765   2.340
  766   2.120
  767   2.177
  768   1.855
  769   1.992
  770   2.009
  771   1.878
  772   2.007
  773   2.445
  774   2.773
  775   2.310
  776   2.235
  777   2.261
  778   2.088
  779   1.889
  780   1.941
  781   1.796
  782   1.960
  783   2.024
  784   2.161
  785   2.128
  786   2.244
  787   2.220
  788   2.420
  789   2.633
  790   2.291
  791   2.115
  792   1.966
  793   2.111
  794   2.091
  795   1.966
  796   1.794
  797   2.125
  798   2.045
  799   1.762
  800   1.855
  801   1.823
  802   1.677
  803   1.595
  804   1.737
  805   1.627
  806   1.501
  807   2.040
  808   2.004
  809   1.661
  810   1.726
  811   1.654
  812   1.810
  813   1.560
  814   1.740
  815   1.881
  816   1.793
  817   1.666
  818   1.652
  819   1.907
  820   1.742
  821   1.829
  822   1.749
  823   1.683
  824   1.867
  825   2.140
  826   1.980
  827   1.774
  828   1.716
  829   1.686
  830   1.847
  831   1.701
  832   1.512
  833   2.046
  834   1.957
  835   2.222
  836   2.243
  837   2.297
  838   2.603
  839   2.704
  840   2.574
  841   2.501
  842   2.483
  843   2.091
  844   2.134
  845   2.366
  846   2.232
  847   2.601
  848   2.590
  849   2.438
  850   2.614
  851   2.341
  852   2.238
  853   2.437
  854   2.195
  855   2.279
  856   2.342
  857   2.281
  858   2.501
  859   2.362
  860   2.383
  861   2.377
  862   2.279
  863   2.230
  864   2.006
  865   2.083
  866   2.268
  867   1.931
  868   2.233
  869   2.178
  870   2.434
  871   2.311
  872   2.352
  873   2.720
  874   2.555
  875   2.614
  876   2.167
  877   2.142
  878   2.288
  879   2.007
  880   1.824
  881   2.056
  882   1.786
  883   2.005
  884   2.087
  885   2.473
  886   2.101
  887   2.099
  888   2.169
  889   2.382
  890   2.123
  891   1.978
  892   2.234
  893   1.976
  894   1.883
  895   1.590
  896   1.575
  897   1.750
  898   2.032
  899   1.944
  900   1.801
  901   1.937
  902   2.312
  903   2.313
  904   2.427
  905   2.094
  906   2.599
  907   2.651
  908   2.606
  909   2.600
  910   2.561
  911   2.346
  912   2.420
  913   2.583
  914   2.798
  915   3.365
  916   3.076
  917   2.790
  918   2.700
  919   2.445
  920   2.241
  921   2.620
  922   2.361
  923   2.741
  924   2.602
  925   2.566
  926   2.244
  927   2.316
  928   2.249
  929   1.805
  930   2.196
  931   2.162
  932   2.066
  933   2.513
  934   2.357
  935   2.348
  936   2.298
  937   2.553
  938   2.364
  939   2.222
  940   2.096
  941   2.095
  942   2.349
  943   1.807
  944   2.190
  945   2.345
  946   2.536
  947   2.394
  948   2.909
  949   2.818
  950   2.761
  951   2.471
  952   2.440
  953   2.311
  954   2.191
  955   1.967
  956   2.093
  957   2.119
  958   2.340
  959   2.084
  960   2.787
  961   2.799
  962   2.391
  963   2.471
  964   2.246
  965   2.247
  966   2.251
  967   2.098
  968   2.053
  969   2.028
  970   1.920
  971   1.930
  972   2.033
  973   2.305
  974   2.156
  975   2.258
  976   2.131
  977   1.808
  978   2.108
  979   2.205
  980   2.239
  981   1.862
  982   1.895
  983   2.127
  984   2.451
  985   2.216
  986   2.133
  987   2.058
  988   2.189
  989   2.359
  990   2.337
  991   1.872
  992   2.290
  993   2.302
  994   2.003
  995   2.107
  996   1.965
  997   2.302
  998   2.348
  999   2.414
 1000   2.488
 1001   2.473
 1002   2.476
 1003   2.452
 1004   2.706
 1005   2.898
 1006   2.808
 1007   2.914
 1008   2.883
 1009   2.875
 1010   2.963
 1011   3.334
 1012   3.094
 1013   2.891
 1014   2.720
 1015   2.973
 1016   3.350
 1017   3.004
 1018   2.921
 1019   2.583
 1020   2.264
 1021   2.439
 1022   2.088
 1023   2.382
 1024   2.429
 1025   2.931
 1026   2.326
 1027   2.365
 1028   2.424
 1029   2.509
 1030   3.232
 1031   2.715
 1032   2.687
 1033   2.602
 1034   2.946
 1035   2.632
 1036   2.348
 1037   2.263
 1038   2.158
 1039   2.148
 1040   2.188
 1041   2.695
 1042   2.848
 1043   2.589
 1044   2.728
 1045   2.683
 1046   2.992
 1047   2.513
 1048   2.429
 1049   2.609
 1050   2.848
 1051   2.852
 1052   3.088
 1053   3.103
 1054   2.956
 1055   3.030
 1056   2.589
 1057   2.441
 1058   2.290
 1059   2.370
 1060   2.519
 1061   3.513
 1062   3.118
 1063   3.046
 1064   3.158
 1065   3.016
 1066   3.059
 1067   3.143
 1068   3.374
 1069   2.714
 1070   2.569
 1071   2.584
 1072   2.067
 1073   2.372
 1074   2.213
 1075   2.706
 1076   2.654
 1077   2.547
 1078   2.609
 1079   2.664
 1080   2.834
 1081   2.983
 1082   2.939
 1083   3.168
 1084   2.996
 1085   3.193
 1086   3.056
 1087   3.123
 1088   3.141
 1089   3.118
 1090   2.904
 1091   2.948
 1092   2.840
 1093   3.300
 1094   3.341
 1095   3.144
 1096   3.148
 1097   3.345
 1098   3.454
 1099   3.417
 1100   3.740
 1101   3.671
 1102   3.341
 1103   2.847
 1104   2.563
 1105   2.831
 1106   2.553
 1107   2.517
 1108   2.441
 1109   2.519
 1110   2.564
 1111   2.627
 1112   2.766
 1113   2.419
 1114   2.325
 1115   2.584
 1116   2.834
 1117   2.671
 1118   2.663
 1119   2.392
 1120   2.586
 1121   2.550
 1122   2.575
 1123   2.566
 1124   2.680
 1125   2.560
 1126   2.820
 1127   3.218
 1128   2.679
 1129   2.881
 1130   2.627
 1131   2.524
 1132   2.775
 1133   2.669
 1134   2.852
 1135   2.139
 1136   2.161
 1137   2.603
 1138   2.324
 1139   1.998
 1140   2.200
 1141   1.835
 1142   1.928
 1143   1.864
 1144   2.152
 1145   2.024
 1146   1.743
 1147   1.976
 1148   2.227
 1149   1.851
 1150   2.372
 1151   2.551
 1152   3.378
 1153   3.581
 1154   3.680
 1155   3.602
 1156   3.705
 1157   3.587
 1158   3.232
 1159   3.279
 1160   3.332
 1161   3.283
 1162   3.345
 1163   3.662
 1164   3.481
 1165   3.489
 1166   3.529
 1167   3.360
 1168   3.295
 1169   3.320
 1170   3.315
 1171   3.284
 1172   3.309
 1173   3.376
 1174   3.418
 1175   3.528
 1176   3.467
 1177   3.464
 1178   3.394
 1179   3.573
 1180   3.324
 1181   3.371
 1182   3.384
 1183   3.344
 1184   3.158
 1185   3.318
 1186   3.380
 1187   3.493
 1188   3.403
 1189   3.303
 1190   3.181
 1191   3.407
 1192   3.495
 1193   3.433
 1194   3.297
 1195   3.387
 1196   3.331
 1197   3.352
 1198   3.327
 1199   3.487
 1200   3.252
 1201   3.470
 1202   3.493
 1203   3.265
 1204   3.453
 1205   3.409
 1206   3.418
 1207   3.181
 1208   3.355
 1209   3.534
 1210   3.389
 1211   3.566
 1212   3.420
 1213   3.292
 1214   3.301
 1215   3.390
 1216   3.336
 1217   3.328
 1218   3.321
 1219   3.470
 1220   3.524
 1221   3.444
 1222   3.344
 1223   3.324
 1224   3.244
 1225   3.173
 1226   3.208
 1227   2.958
 1228   3.206
 1229   2.877
 1230   2.861
 1231   2.950
 1232   2.667
 1233   2.503
 1234   2.678
 1235   2.978
 1236   2.765
 1237   2.929
 1238   2.586
 1239   2.261
 1240   2.252
 1241   2.617
 1242   2.592
 1243   2.581
 1244   2.198
 1245   2.470
 1246   2.279
 1247   2.263
 1248   2.147
 1249   2.112
 1250   2.297
 1251   2.036
 1252   2.181
 1253   2.304
 1254   2.203
 1255   2.289
 1256   2.542
 1257   2.368
 1258   2.479
 1259   2.376
 1260   2.439
 1261   2.547
 1262   2.607
 1263   2.503
 1264   2.933
 1265   3.366
 1266   3.235
 1267   2.812
 1268   2.621
 1269   2.593
 1270   2.524
 1271   2.737
 1272   2.678
 1273   2.787
 1274   2.624
 1275   2.683
 1276   2.480
 1277   2.508
 1278   2.422
 1279   2.463
 1280   2.663
 1281   2.483
 1282   2.749
 1283   2.764
 1284   2.401
 1285   2.375
 1286   2.333
 1287   2.374
 1288   2.410
 1289   2.383
 1290   2.465
 1291   2.341
 1292   2.345
 1293   2.627
 1294   2.502
 1295   2.636
 1296   2.943
 1297   2.820
 1298   2.658
 1299   2.409
 1300   2.636
 1301   2.761
 1302   2.592
 1303   2.739
 1304   2.609
 1305   2.747
 1306   2.831
 1307   2.700
 1308   2.705
 1309   2.439
 1310   2.313
 1311   2.360
 1312   2.244
 1313   2.626
 1314   2.474
 1315   2.295
 1316   1.906
 1317   2.177
 1318   1.847
 1319   2.106
 1320   2.258
 1321   2.190
 1322   2.214
 1323   2.068
 1324   2.121
 1325   2.270
 1326   2.540
 1327   2.576
 1328   2.519
 1329   2.442
 1330   2.690
 1331   2.459
 1332   2.626
 1333   2.523
 1334   2.597
 1335   3.064
 1336   2.757
 1337   2.852
 1338   2.840
 1339   2.642
 1340   2.355
 1341   2.552
 1342   2.889
 1343   2.954
 1344   2.784
 1345   2.616
 1346   2.747
 1347   2.766
 1348   2.496
 1349   2.673
 1350   2.590
 1351   2.576
 1352   2.485
 1353   2.489
 1354   2.328
 1355   2.422
 1356   2.348
 1357   2.616
 1358   2.442
 1359   2.575
 1360   2.811
 1361   2.686
 1362   2.814
 1363   2.644
 1364   2.841
 1365   2.690
 1366   2.394
 1367   2.307
 1368   2.372
 1369   2.462
 1370   2.472
 1371   2.606
 1372   2.483
 1373   2.233
 1374   2.425
 1375   2.513
 1376   2.456
 1377   2.589
 1378   2.654
 1379   2.675
 1380   2.813
 1381   2.692
 1382   2.629
 1383   2.704
 1384   2.596
 1385   2.464
 1386   2.654
 1387   2.439
 1388   2.341
 1389   2.442
 1390   2.120
 1391   2.359
 1392   2.127
 1393   2.593
 1394   2.659
 1395   2.842
 1396   2.946
 1397   2.642
 1398   2.796
 1399   2.307
 1400   2.078
 1401   2.261
 1402   2.551
 1403   2.570
 1404   2.162
 1405   2.477
 1406   2.764
 1407   2.609
 1408   2.414
 1409   2.616
 1410   2.546
 1411   2.287
 1412   2.394
 1413   2.659
 1414   2.448
 1415   2.413
 1416   2.543
 1417   2.629
 1418   2.779
 1419   3.013
 1420   3.039
 1421   2.700
 1422   2.582
 1423   2.551
 1424   2.431
 1425   2.287
 1426   2.370
 1427   2.809
 1428   2.559
 1429   2.599
 1430   2.679
 1431   2.643
 1432   2.486
 1433   2.520
 1434   2.225
 1435   2.300
 1436   2.285
 1437   2.321
 1438   2.329
 1439   2.193
 1440   2.209
 1441   2.363
 1442   2.234
 1443   2.492
 1444   2.377
 1445   2.320
 1446   2.178
 1447   2.242
 1448   2.394
 1449   2.416
 1450   2.299
 1451   2.373
 1452   2.578
 1453   2.697
 1454   2.725
 1455   2.969
 1456   2.502
 1457   2.897
 1458   3.014
 1459   2.865
 1460   2.712
 1461   2.921
 1462   2.782
 1463   2.913
 1464   2.523
 1465   2.606
 1466   2.678
 1467   2.925
 1468   3.124
 1469   3.007
 1470   2.904
 1471   2.699
 1472   2.918
 1473   2.776
 1474   2.665
 1475   2.615
 1476   2.501
 1477   2.635
 1478   2.626
 1479   2.430
 1480   2.337
 1481   2.484
 1482   2.233
 1483   2.249
 1484   2.388
 1485   2.342
 1486   2.320
 1487   2.419
 1488   2.545
 1489   2.399
 1490   2.345
 1491   2.644
 1492   2.758
 1493   2.715
 1494   2.762
 1495   2.989
 1496   2.830
 1497   2.429
 1498   2.639
 1499   2.516
 1500   2.402
 1501   2.406
 1502   2.339
 1503   2.747
 1504   2.472
 1505   2.810
 1506   2.406
 1507   2.390
 1508   2.341
 1509   2.595
 1510   2.411
 1511   2.398
 1512   2.216
 1513   2.188
 1514   2.490
 1515   2.551
 1516   2.443
 1517   2.702
 1518   2.438
 1519   2.660
 1520   2.588
 1521   2.418
 1522   2.274
 1523   2.577
 1524   2.417
 1525   2.658
 1526   2.830
 1527   2.867
 1528   2.505
 1529   2.528
 1530   2.602
 1531   2.510
 1532   2.430
 1533   2.677
 1534   2.848
 1535   2.607
 1536   2.568
 1537   2.557
 1538   2.639
 1539   2.492
 1540   2.657
 1541   2.553
 1542   2.574
 1543   2.248
 1544   2.248
 1545   2.453
 1546   2.465
 1547   2.733
 1548   2.783
 1549   2.356
 1550   2.428
 1551   2.304
 1552   2.443
 1553   2.589
 1554   2.465
 1555   2.659
 1556   2.537
 1557   2.535
 1558   2.447
 1559   2.385
 1560   2.316
 1561   2.470
 1562   2.270
 1563   2.365
 1564   2.270
 1565   2.323
 1566   2.183
 1567   2.310
 1568   2.414
 1569   2.389
 1570   2.485
 1571   2.765
 1572   2.884
 1573   2.893
 1574   2.702
 1575   2.975
 1576   2.821
 1577   2.328
 1578   2.369
 1579   2.607
 1580   2.547
 1581   2.642
 1582   2.575
 1583   2.729
 1584   2.911
 1585   2.673
 1586   2.207
 1587   2.295
 1588   2.503
 1589   2.504
 1590   2.695
 1591   2.504
 1592   2.401
 1593   2.396
 1594   2.398
 1595   2.307
 1596   2.293
 1597   2.325
 1598   2.441
 1599   2.284
 1600   2.661
 1601   2.428
 1602   2.585
 1603   2.496
 1604   2.329
 1605   2.316
 1606   2.450
 1607   2.454
 1608   2.731
 1609   2.813
 1610   2.520
 1611   2.686
 1612   2.617
 1613   2.803
 1614   2.538
 1615   2.573
 1616   2.353
 1617   2.590
 1618   2.430
 1619   2.603
 1620   2.349
 1621   2.721
 1622   2.434
 1623   2.319
 1624   2.476
 1625   2.746
 1626   2.571
 1627   2.891
 1628   2.481
 1629   2.572
 1630   2.543
 1631   2.437
 1632   2.343
 1633   2.348
 1634   2.248
 1635   2.373
 1636   2.300
 1637   2.163
 1638   2.377
 1639   2.199
 1640   2.539
 1641   2.207
 1642   2.591
 1643   2.694
 1644   2.535
 1645   3.056
 1646   2.463
 1647   2.732
 1648   2.582
 1649   2.296
 1650   2.413
 1651   2.626
 1652   2.533
 1653   2.327
 1654   2.444
 1655   2.573
 1656   2.919
 1657   2.658
 1658   2.844
 1659   3.099
 1660   3.045
 1661   3.095
 1662   2.916
 1663   2.544
 1664   2.299
 1665   2.524
 1666   2.547
 1667   2.481
 1668   2.585
 1669   2.564
 1670   2.927
 1671   3.246
 1672   3.144
 1673   3.250
 1674   3.205
 1675   3.277
 1676   3.153
 1677   3.137
 1678   2.712
 1679   2.675
 1680   2.489
 1681   2.287
 1682   2.641
 1683   2.591
 1684   2.582
 1685   2.491
 1686   2.724
 1687   2.973
 1688   2.416
 1689   2.580
 1690   2.439
 1691   2.754
 1692   2.702
 1693   2.775
 1694   3.142
 1695   3.044
 1696   3.166
 1697   2.579
 1698   2.842
 1699   3.072
 1700   2.789
 1701   2.823
 1702   2.787
 1703   2.599
 1704   2.450
 1705   2.655
 1706   2.763
 1707   2.910
 1708   2.905
 1709   3.138
 1710   3.071
 1711   3.166
 1712   3.067
 1713   2.888
 1714   2.990
 1715   2.833
 1716   2.853
 1717   2.831
 1718   2.654
 1719   2.776
 1720   2.710
 1721   2.560
 1722   2.745
 1723   3.009
 1724   2.884
 1725   2.804
 1726   3.031
 1727   2.772
 1728   2.668
 1729   2.459
 1730   2.929
 1731   2.685
 1732   2.627
 1733   2.517
 1734   2.794
 1735   3.057
 1736   2.613
 1737   2.639
 1738   2.810
 1739   2.657
 1740   2.567
 1741   2.563
 1742   2.642
 1743   2.933
 1744   2.978
 1745   2.739
 1746   2.959
 1747   2.561
 1748   2.573
 1749   2.315
 1750   2.465
 1751   2.413
 1752   2.669
 1753   2.850
 1754   2.779
 1755   3.092
 1756   3.116
 1757   3.292
 1758   2.956
 1759   2.993
 1760   2.846
 1761   2.397
 1762   2.484
 1763   2.554
 1764   2.651
 1765   3.176
 1766   3.020
 1767   3.022
 1768   2.860
 1769   2.769
 1770   2.861
 1771   2.758
 1772   2.591
 1773   3.030
 1774   2.933
 1775   3.000
 1776   2.587
 1777   3.003
 1778   2.463
 1779   2.643
 1780   2.380
 1781   2.346
 1782   2.268
 1783   2.104
 1784   2.188
 1785   2.224
 1786   2.547
 1787   2.553
 1788   2.615
 1789   2.684
 1790   2.879
 1791   2.695
 1792   2.966
 1793   2.654
 1794   2.053
 1795   2.592
 1796   2.293
 1797   2.395
 1798   2.429
 1799   2.263
 1800   2.329
 1801   2.495
 1802   2.111
 1803   2.356
 1804   2.358
 1805   2.434
 1806   2.477
 1807   2.450
 1808   2.685
 1809   2.897
 1810   2.843
 1811   2.426
 1812   2.500
 1813   2.390
 1814   2.519
 1815   2.540
 1816   2.402
 1817   2.368
 1818   2.308
 1819   2.113
 1820   2.149
 1821   2.291
 1822   2.261
 1823   2.221
 1824   2.058
 1825   2.212
 1826   2.204
 1827   2.259
 1828   2.453
 1829   2.752
 1830   2.857
 1831   2.621
 1832   2.549
 1833   2.570
 1834   2.357
 1835   2.530
 1836   2.284
 1837   2.476
 1838   2.572
 1839   2.523
 1840   2.636
 1841   2.775
 1842   2.659
 1843   3.110
 1844   2.883
 1845   3.185
 1846   2.750
 1847   2.937
 1848   2.726
 1849   3.020
 1850   3.054
 1851   2.962
 1852   3.047
 1853   2.890
 1854   3.016
 1855   2.914
 1856   3.061
 1857   3.257
 1858   3.461
 1859   3.363
 1860   3.319
 1861   3.083
 1862   3.173
 1863   3.106
 1864   3.281
 1865   3.253
 1866   3.040
 1867   2.576
 1868   2.854
 1869   2.528
 1870   2.530
 1871   2.361
 1872   2.616
 1873   2.815
 1874   2.493
 1875   2.191
 1876   2.286
 1877   2.410
 1878   2.414
 1879   2.658
 1880   2.359
 1881   2.078
 1882   2.044
 1883   2.138
 1884   2.486
 1885   2.498
 1886   2.491
 1887   2.490
 1888   2.207
 1889   2.209
 1890   2.191
 1891   2.243
 1892   2.506
 1893   2.311
 1894   2.550
 1895   2.724
 1896   2.679
 1897   2.724
 1898   2.680
 1899   2.714
 1900   2.594
 1901   2.742
 1902   2.609
 1903   2.658
 1904   2.682
 1905   2.801
 1906   2.801
 1907   2.615
 1908   2.442
 1909   2.606
 1910   2.452
 1911   2.689
 1912   2.711
 1913   2.941
 1914   2.635
 1915   2.675
 1916   2.729
 1917   2.806
 1918   2.701
 1919   2.755
 1920   2.905
 1921   2.891
 1922   2.847
 1923   2.969
 1924   2.992
 1925   2.733
 1926   2.625
 1927   2.771
 1928   2.614
 1929   2.587
 1930   2.582
 1931   2.649
 1932   2.327
 1933   2.539
 1934   2.446
 1935   2.392
 1936   2.649
 1937   2.452
 1938   2.233
 1939   2.434
 1940   2.391
 1941   2.493
 1942   2.503
 1943   2.466
 1944   2.781
 1945   2.714
 1946   2.883
 1947   2.576
 1948   2.597
 1949   2.624
 1950   2.670
 1951   2.850
 1952   2.640
 1953   2.889
 1954   2.900
 1955   2.643
 1956   2.814
 1957   2.524
 1958   2.448
 1959   2.566
 1960   2.762
 1961   2.747
 1962   2.859
 1963   2.544
 1964   2.667
 1965   2.562
 1966   2.546
 1967   2.460
 1968   2.578
 1969   2.555
 1970   2.772
 1971   2.703
 1972   2.720
 1973   2.764
 1974   2.446
 1975   2.472
 1976   2.513
 1977   2.444
 1978   2.517
 1979   2.497
 1980   2.570
 1981   2.642
 1982   2.898
 1983   2.916
 1984   2.416
 1985   2.577
 1986   2.930
 1987   2.700
 1988   2.548
 1989   2.426
 1990   2.609
 1991   2.518
 1992   2.642
 1993   2.511
 1994   2.552
 1995   2.589
 1996   2.824
 1997   3.054
 1998   2.856
 1999   2.645
 2000   2.612
 2001   2.700
 2002   2.482
 2003   2.858
 2004   2.579
 2005   2.326
 2006   2.426
 2007   2.503
 2008   2.452
 2009   2.609
 2010   2.595
 2011   2.407
 2012   2.314
 2013   2.631
 2014   2.529
 2015   2.430
 2016   2.457
 2017   2.473
 2018   2.627
 2019   2.441
 2020   2.513
 2021   2.474
 2022   2.373
 2023   2.265
 2024   2.194
 2025   2.383
 2026   2.304
 2027   2.311
 2028   2.358
 2029   2.299
 2030   2.649
 2031   2.491
 2032   2.659
 2033   2.473
 2034   2.576
 2035   2.732
 2036   2.582
 2037   2.702
 2038   2.662
 2039   2.604
 2040   2.422
 2041   2.664
 2042   2.465
 2043   2.684
 2044   2.358
 2045   2.936
 2046   2.457
 2047   2.607
 2048   2.637
 2049   2.670
 2050   2.759
 2051   2.513
 2052   2.635
 2053   2.381
 2054   2.313
 2055   2.369
 2056   2.483
 2057   2.515
 2058   2.344
 2059   2.412
 2060   2.405
 2061   2.335
 2062   2.465
 2063   2.576
 2064   2.528
 2065   2.671
 2066   2.520
 2067   2.754
 2068   3.060
 2069   2.719
 2070   2.587
 2071   2.321
 2072   2.393
 2073   2.400
 2074   2.438
 2075   2.308
 2076   2.448
 2077   2.345
 2078   2.673
 2079   2.589
 2080   2.672
 2081   2.681
 2082   2.506
 2083   2.347
 2084   2.348
 2085   2.470
 2086   2.452
 2087   2.440
 2088   2.787
 2089   2.504
 2090   2.335
 2091   2.539
 2092   2.396
 2093   2.429
 2094   2.420
 2095   2.723
 2096   2.617
 2097   2.227
 2098   2.430
 2099   2.314
 2100   2.633
 2101   2.596
 2102   2.444
 2103   2.524
 2104   2.522
 2105   2.659
 2106   2.754
 2107   2.457
 2108   2.287
 2109   2.147
 2110   2.335
 2111   2.567
 2112   2.885
 2113   2.581
 2114   2.500
 2115   2.609
 2116   2.383
 2117   2.295
 2118   2.306
 2119   2.329
 2120   2.413
 2121   2.181
 2122   2.307
 2123   2.562
 2124   2.768
 2125   2.650
 2126   2.495
 2127   2.657
 2128   2.358
 2129   2.821
 2130   2.404
 2131   2.865
 2132   2.306
 2133   2.355
 2134   2.326
 2135   2.192
 2136   2.246
 2137   2.095
 2138   2.271
 2139   2.266
 2140   2.119
 2141   2.237
 2142   2.199
 2143   2.284
 2144   2.109
 2145   2.630
 2146   2.507
 2147   2.267
 2148   2.692
 2149   2.626
 2150   2.400
 2151   2.248
 2152   2.607
 2153   2.792
 2154   2.529
 2155   2.645
 2156   2.671
 2157   2.646
 2158   2.456
 2159   2.431
 2160   3.010
 2161   2.604
 2162   2.751
 2163   2.671
 2164   2.646
 2165   2.425
 2166   2.583
 2167   2.711
 2168   2.476
 2169   2.505
 2170   2.395
 2171   2.388
 2172   2.269
 2173   2.545
 2174   2.380
 2175   2.426
 2176   2.076
 2177   2.198
 2178   2.332
 2179   2.757
 2180   2.723
 2181   2.860
 2182   2.983
 2183   2.634
 2184   3.105
 2185   2.917
 2186   2.953
 2187   2.910
 2188   2.602
 2189   2.497
 2190   2.911
 2191   2.694
 2192   2.491
 2193   2.661
 2194   2.906
 2195   2.695
 2196   2.612
 2197   3.101
 2198   3.185
 2199   2.887
 2200   2.999
 2201   2.719
 2202   2.593
 2203   2.502
 2204   2.742
 2205   2.302
 2206   2.378
 2207   2.302
 2208   2.936
 2209   2.969
 2210   3.046
 2211   2.922
 2212   2.891
 2213   2.882
 2214   2.949
 2215   2.870
 2216   3.020
 2217   3.257
 2218   3.080
 2219   2.701
 2220   3.122
 2221   3.142
 2222   2.788
 2223   3.276
 2224   3.414
 2225   3.337
 2226   3.633
 2227   3.634
 2228   3.565
 2229   3.636
 2230   3.923
 2231   3.674
 2232   3.803
 2233   3.661
 2234   3.714
 2235   3.782
 2236   3.527
 2237   3.522
 2238   3.367
 2239   3.043
 2240   3.505
 2241   3.390
 2242   3.368
 2243   3.665
 2244   3.496
 2245   3.746
 2246   3.825
 2247   3.439
 2248   3.785
 2249   3.729
 2250   3.733
 2251   4.064
 2252   3.797
 2253   4.032
 2254   3.792
 2255   3.707
 2256   3.550
 2257   3.603
 2258   3.742
 2259   3.680
 2260   3.381
 2261   3.674
 2262   4.169
 2263   4.375
 2264   3.863
 2265   3.862
 2266   4.021
 2267   4.157
 2268   4.230
 2269   4.071
 2270   4.109
 2271   4.275
 2272   4.000
 2273   4.029
 2274   4.532
 2275   4.470
 2276   4.371
 2277   4.343
 2278   4.339
 2279   4.315
 2280   4.308
 2281   4.435
 2282   4.261
 2283   4.274
 2284   4.434
 2285   4.549
 2286   4.666
 2287   4.800
 2288   4.734
 2289   4.689
 2290   4.686
 2291   4.494
 2292   4.567
 2293   4.621
 2294   4.532
 2295   4.677
 2296   4.371
 2297   4.349
 2298   4.380
 2299   4.788
 2300   4.876
 2301   5.094
 2302   5.233
 2303   4.981
 2304   4.689
 2305   4.827
 2306   4.825
 2307   5.410
 2308   4.731
 2309   4.819
 2310   4.985
 2311   4.934
 2312   5.039
 2313   5.103
 2314   4.896
 2315   5.011
 2316   4.958
 2317   4.674
 2318   4.517
 2319   4.766
 2320   4.708
 2321   4.802
 2322   5.001
 2323   4.788
 2324   4.741
 2325   4.859
 2326   4.954
 2327   4.891
 2328   4.619
 2329   5.294
 2330   5.258
 2331   4.858
 2332   4.859
 2333   4.682
 2334   5.163
 2335   5.033
 2336   4.670
 2337   4.876
 2338   4.722
 2339   4.838
 2340   5.178
 2341   4.735
 2342   4.984
 2343   4.907
 2344   4.863
 2345   4.804
 2346   4.668
 2347   5.254
 2348   5.064
 2349   4.934
 2350   4.650
 2351   4.926
 2352   4.985
 2353   4.859
 2354   5.053
 2355   4.963
 2356   5.406
 2357   4.986
 2358   4.955
 2359   4.853
 2360   4.897
 2361   5.056
 2362   5.187
 2363   4.808
 2364   4.488
 2365   4.862
 2366   5.147
 2367   5.223
 2368   5.414
 2369   5.271
 2370   5.253
 2371   5.257
 2372   5.400
 2373   5.296
 2374   5.261
 2375   5.245
 2376   5.400
 2377   5.218
 2378   5.386
 2379   5.086
 2380   5.321
 2381   4.959
 2382   5.225
 2383   5.618
 2384   5.523
 2385   5.264
 2386   5.282
 2387   5.543
 2388   5.562
 2389   5.439
 2390   5.317
 2391   5.355
 2392   5.079
 2393   5.077
 2394   4.693
 2395   4.642
 2396   4.806
 2397   4.745
 2398   5.062
 2399   4.867
 2400   5.021
 2401   5.062
 2402   5.022
 2403   5.104
 2404   5.374
 2405   5.330
 2406   5.248
 2407   5.291
 2408   5.338
 2409   5.353
 2410   5.116
 2411   5.107
 2412   5.049
 2413   5.044
 2414   5.006
 2415   5.024
 2416   4.860
 2417   5.293
 2418   5.382
 2419   5.475
 2420   5.108
 2421   5.181
 2422   4.976
 2423   5.124
 2424   5.203
 2425   5.025
 2426   5.112
 2427   4.920
 2428   4.906
 2429   4.886
 2430   4.995
 2431   4.913
 2432   5.032
 2433   5.048
 2434   4.928
 2435   4.906
 2436   4.684
 2437   4.934
 2438   4.900
 2439   5.164
 2440   5.145
 2441   5.152
 2442   5.070
 2443   5.088
 2444   5.046
 2445   4.922
 2446   5.057
 2447   5.055
 2448   5.018
 2449   4.642
 2450   4.645
 2451   4.895
 2452   4.753
 2453   4.857
 2454   4.735
 2455   4.625
 2456   4.916
 2457   4.945
 2458   5.173
 2459   5.258
 2460   4.970
 2461   5.362
 2462   5.109
 2463   4.892
 2464   5.336
 2465   4.834
 2466   4.443
 2467   4.205
 2468   4.041
 2469   4.126
 2470   4.270
 2471   4.408
 2472   4.548
 2473   4.742
 2474   4.927
 2475   4.832
 2476   4.959
 2477   5.027
 2478   4.949
 2479   4.972
 2480   4.839
 2481   4.971
 2482   4.803
 2483   4.835
 2484   4.891
 2485   4.787
 2486   5.090
 2487   4.677
 2488   4.670
 2489   4.814
 2490   5.065
 2491   4.829
 2492   4.820
 2493   4.948
 2494   5.002
 2495   5.025
 2496   5.101
 2497   5.197
 2498   5.270
 2499   5.381
 2500   5.314
 2501   5.327
 2502   5.469
 2503   5.411
 2504   5.270
 2505   5.246
 2506   5.082
 2507   5.280
 2508   5.606
 2509   5.427
 2510   5.380
 2511   5.157
 2512   5.083
 2513   5.381
 2514   5.430
 2515   5.489
 2516   5.511
 2517   5.210
 2518   5.597
 2519   5.188
 2520   5.254
 2521   5.147
 2522   5.214
 2523   5.385
 2524   5.436
 2525   4.933
 2526   5.007
 2527   5.122
 2528   5.169
 2529   5.330
 2530   4.939
 2531   5.035
 2532   5.011
 2533   5.415
 2534   5.689
 2535   5.210
 2536   5.123
 2537   5.190
 2538   5.100
 2539   5.243
 2540   5.136
 2541   5.203
 2542   5.322
 2543   5.449
 2544   5.237
 2545   5.092
 2546   5.108
 2547   5.070
 2548   5.197
 2549   5.391
 2550   5.395
 2551   5.190
 2552   5.376
 2553   5.300
 2554   5.428
 2555   5.403
 2556   5.358
 2557   5.181
 2558   4.995
 2559   5.176
 2560   4.962
 2561   5.280
 2562   5.333
 2563   5.141
 2564   5.161
 2565   5.237
 2566   4.998
 2567   4.999
 2568   5.097
 2569   5.054
 2570   5.040
 2571   5.244
 2572   5.363
 2573   5.277
 2574   5.089
 2575   5.157
 2576   5.064
 2577   4.920
 2578   4.951
 2579   5.102
 2580   5.048
 2581   5.181
 2582   4.908
 2583   4.810
 2584   5.016
 2585   5.029
 2586   4.812
 2587   4.840
 2588   4.967
 2589   4.759
 2590   4.938
 2591   4.888
 2592   5.034
 2593   5.189
 2594   4.998
 2595   5.167
 2596   5.166
 2597   5.104
 2598   5.147
 2599   4.752
 2600   4.959
 2601   5.009
 2602   4.926
 2603   4.966
 2604   4.794
 2605   4.884
 2606   4.970
 2607   4.974
 2608   4.935
 2609   4.963
 2610   4.822
 2611   4.774
 2612   4.738
 2613   4.724
 2614   4.783
 2615   4.715
 2616   4.772
 2617   4.692
 2618   4.954
 2619   4.929
 2620   4.820
 2621   4.281
 2622   4.122
 2623   4.295
 2624   4.176
 2625   4.232
 2626   4.295
 2627   4.199
 2628   4.345
 2629   4.331
 2630   4.236
 2631   4.441
 2632   4.463
 2633   4.644
 2634   4.354
 2635   4.854
 2636   4.581
 2637   4.485
 2638   4.626
 2639   4.404
 2640   4.249
 2641   4.265
 2642   4.087
 2643   3.876
 2644   4.094

