Frame	Rg
0	8.226015090942383
1	8.226015090942383
2	8.331026077270508
3	8.339810371398926
4	8.369600296020508
5	8.345724105834961
6	8.301553726196289
7	8.368298530578613
8	8.347012519836426
9	8.37206745147705
10	8.328842163085938
11	8.352781295776367
12	8.380874633789063
13	8.29439640045166
14	8.378719329833984
15	8.310235023498535
16	8.345462799072266
17	8.364726066589355
18	8.355072021484375
19	8.312362670898438
20	8.34305191040039
21	8.33996868133545
22	8.3514404296875
23	8.344568252563477
24	8.296178817749023
25	8.338346481323242
26	8.296746253967285
27	8.325579643249512
28	8.330086708068848
29	8.352155685424805
30	8.32170295715332
31	8.317245483398438
32	8.292961120605469
33	8.313352584838867
34	8.409981727600098
35	8.384744644165039
36	8.3329496383667
37	8.417045593261719
38	8.416328430175781
39	8.425504684448242
40	8.354679107666016
41	8.398717880249023
42	8.317127227783203
43	8.331466674804688
44	8.424715995788574
45	8.405296325683594
46	8.549642562866211
47	8.635123252868652
48	8.896843910217285
49	8.543327331542969
50	8.922975540161133
51	8.703786849975586
52	8.670296669006348
53	8.57984447479248
54	8.512371063232422
55	8.588345527648926
56	8.31353759765625
57	8.386772155761719
58	8.300853729248047
59	8.192948341369629
60	8.438488960266113
61	8.5349702835083
62	8.238641738891602
63	8.363030433654785
64	8.41025447845459
65	8.453837394714355
66	8.433521270751953
67	8.566665649414063
68	8.387239456176758
69	8.379399299621582
70	8.324398040771484
71	8.362258911132813
72	8.326465606689453
73	8.261077880859375
74	8.318266868591309
75	8.320372581481934
76	8.258264541625977
77	8.253478050231934
78	8.363231658935547
79	8.415481567382813
80	8.337276458740234
81	8.337465286254883
82	8.453439712524414
83	8.329503059387207
84	8.246184349060059
85	8.291955947875977
86	8.288043022155762
87	8.381614685058594
88	8.364056587219238
89	8.340001106262207
90	8.388833999633789
91	8.181939125061035
92	8.252232551574707
93	8.211777687072754
94	8.172218322753906
95	8.253291130065918
96	8.301470756530762
97	8.41138744354248
98	8.402192115783691
99	8.346456527709961
100	8.200088500976563
101	8.354193687438965
102	8.432074546813965
103	8.342879295349121
104	8.409305572509766
105	8.375509262084961
106	8.44999885559082
107	8.357972145080566
108	8.293461799621582
109	8.349651336669922
110	8.38138484954834
111	8.204865455627441
112	8.340133666992188
113	8.223483085632324
114	8.245116233825684
115	8.380547523498535
116	8.369300842285156
117	8.22429084777832
118	8.33017635345459
119	8.411206245422363
120	8.12674331665039
121	8.360788345336914
122	8.334430694580078
123	8.248990058898926
124	8.241494178771973
125	8.329304695129395
126	8.58670711517334
127	8.367999076843262
128	8.552842140197754
129	8.432205200195313
130	8.394261360168457
131	8.417686462402344
132	8.491494178771973
133	8.484834671020508
134	8.417604446411133
135	8.392606735229492
136	8.486651420593262
137	8.484211921691895
138	8.436413764953613
139	8.394638061523438
140	8.451788902282715
141	8.595884323120117
142	8.418944358825684
143	8.564946174621582
144	8.672223091125488
145	8.87917423248291
146	8.509291648864746
147	8.573431015014648
148	8.516730308532715
149	8.416828155517578
150	8.318385124206543
151	8.459179878234863
152	8.501592636108398
153	8.424515724182129
154	8.52975845336914
155	8.451074600219727
156	8.41403579711914
157	8.661725044250488
158	8.508503913879395
159	8.444670677185059
160	8.282825469970703
161	8.535400390625
162	8.544995307922363
163	8.472821235656738
164	8.330472946166992
165	8.43777847290039
166	8.545283317565918
167	8.564399719238281
168	8.336625099182129
169	8.534043312072754
170	8.362809181213379
171	8.609335899353027
172	8.511137008666992
173	8.534500122070313
174	8.298004150390625
175	8.34182357788086
176	8.525495529174805
177	8.650472640991211
178	8.669522285461426
179	8.540371894836426
180	8.444960594177246
181	8.428260803222656
182	8.725808143615723
183	8.82833194732666
184	8.722774505615234
185	8.785192489624023
186	8.686485290527344
187	8.724613189697266
188	8.555309295654297
189	8.706869125366211
190	8.814804077148438
191	8.891461372375488
192	8.841887474060059
193	8.809090614318848
194	8.588254928588867
195	8.97382926940918
196	8.691755294799805
197	8.777791023254395
198	8.466303825378418
199	8.51430606842041
200	8.658407211303711
201	8.724313735961914
202	8.44683837890625
203	8.464532852172852
204	8.410126686096191
205	8.425006866455078
206	8.528580665588379
207	8.294702529907227
208	8.34179401397705
209	8.681663513183594
210	8.50095272064209
211	8.36713981628418
212	8.596445083618164
213	8.454986572265625
214	8.502314567565918
215	8.421919822692871
216	8.352503776550293
217	8.506470680236816
218	8.297863960266113
219	8.57890510559082
220	8.37524127960205
221	8.511957168579102
222	8.246611595153809
223	8.559370040893555
224	8.498510360717773
225	8.653505325317383
226	8.639524459838867
227	8.817583084106445
228	8.61278247833252
229	8.71623706817627
230	8.756088256835938
231	8.50913143157959
232	8.729277610778809
233	8.616412162780762
234	8.608406066894531
235	8.537278175354004
236	8.400029182434082
237	8.484357833862305
238	8.4982271194458
239	8.7086763381958
240	8.485372543334961
241	8.521991729736328
242	8.44816780090332
243	8.607730865478516
244	8.36979866027832
245	8.548588752746582
246	8.330330848693848
247	8.26585865020752
248	8.273892402648926
249	8.534457206726074
250	8.395650863647461
251	8.609230995178223
252	8.388495445251465
253	8.550649642944336
254	8.458962440490723
255	8.407068252563477
256	8.33708667755127
257	8.653814315795898
258	8.52425765991211
259	8.641236305236816
260	8.559030532836914
261	8.452919960021973
262	8.494457244873047
263	8.300156593322754
264	8.605429649353027
265	8.550374031066895
266	8.526110649108887
267	8.527665138244629
268	8.512739181518555
269	8.548480033874512
270	8.498252868652344
271	8.596190452575684
272	8.592844009399414
273	8.544301986694336
274	8.503360748291016
275	8.798877716064453
276	8.508293151855469
277	8.556754112243652
278	8.588150978088379
279	8.557669639587402
280	8.422389030456543
281	8.693801879882813
282	8.654251098632813
283	8.515270233154297
284	8.517292976379395
285	8.496319770812988
286	8.341998100280762
287	8.623003005981445
288	8.631875991821289
289	8.363985061645508
290	8.47647476196289
291	8.300719261169434
292	8.442246437072754
293	8.131431579589844
294	8.118130683898926
295	8.175957679748535
296	8.34793758392334
297	8.23082160949707
298	8.314123153686523
299	8.264860153198242
300	8.449214935302734
301	8.605775833129883
302	8.476884841918945
303	8.45656967163086
304	8.406730651855469
305	8.280326843261719
306	8.387770652770996
307	8.47382640838623
308	8.49312686920166
309	8.374366760253906
310	8.731950759887695
311	8.537328720092773
312	8.680441856384277
313	8.718381881713867
314	8.62672233581543
315	8.728157997131348
316	8.650056838989258
317	8.519041061401367
318	8.774271011352539
319	8.544503211975098
320	8.405313491821289
321	8.511113166809082
322	8.564800262451172
323	8.503133773803711
324	8.530271530151367
325	8.477081298828125
326	8.56732177734375
327	8.383811950683594
328	8.378660202026367
329	8.253357887268066
330	8.30394458770752
331	8.278505325317383
332	8.361035346984863
333	8.3983154296875
334	8.33081340789795
335	8.26257610321045
336	8.377402305603027
337	8.41644287109375
338	8.3856840133667
339	8.334945678710938
340	8.433866500854492
341	8.409708023071289
342	8.582954406738281
343	8.533662796020508
344	8.678160667419434
345	8.723026275634766
346	8.569520950317383
347	8.570840835571289
348	8.333826065063477
349	8.525259017944336
350	8.319367408752441
351	8.720845222473145
352	8.55441665649414
353	8.701011657714844
354	8.578492164611816
355	8.709259033203125
356	8.604290962219238
357	8.6613130569458
358	8.706852912902832
359	8.62504768371582
360	8.608158111572266
361	8.509627342224121
362	8.67927074432373
363	8.603278160095215
364	8.618517875671387
365	8.61579704284668
366	8.642875671386719
367	8.69545841217041
368	8.903060913085938
369	8.796782493591309
370	8.8418607711792
371	8.665573120117188
372	8.704209327697754
373	8.648144721984863
374	8.624222755432129
375	8.575959205627441
376	8.37985897064209
377	8.800352096557617
378	8.523652076721191
379	8.413861274719238
380	8.70736312866211
381	8.439591407775879
382	8.582857131958008
383	8.465180397033691
384	8.566192626953125
385	8.450970649719238
386	8.316908836364746
387	8.34091567993164
388	8.217216491699219
389	8.167201042175293
390	8.059234619140625
391	8.296469688415527
392	8.453374862670898
393	8.185789108276367
394	8.073321342468262
395	8.294849395751953
396	8.245758056640625
397	8.285562515258789
398	8.465229034423828
399	8.547136306762695
400	8.312881469726563
401	8.400999069213867
402	8.298199653625488
403	8.214371681213379
404	8.107085227966309
405	8.238816261291504
406	8.304532051086426
407	8.332030296325684
408	8.487873077392578
409	8.317266464233398
410	8.28966236114502
411	8.285741806030273
412	8.33577823638916
413	8.32857608795166
414	8.406350135803223
415	8.343830108642578
416	8.433602333068848
417	8.276610374450684
418	8.439414978027344
419	8.478947639465332
420	8.35704231262207
421	8.431671142578125
422	8.236170768737793
423	8.370427131652832
424	8.323532104492188
425	8.332544326782227
426	8.344647407531738
427	8.271364212036133
428	8.332646369934082
429	8.422377586364746
430	8.238760948181152
431	8.213075637817383
432	8.366766929626465
433	8.430984497070313
434	8.418804168701172
435	8.329004287719727
436	8.26074504852295
437	8.33861255645752
438	8.248605728149414
439	8.32033920288086
440	8.25192928314209
441	8.324321746826172
442	8.345808029174805
443	8.224699020385742
444	8.174369812011719
445	8.181739807128906
446	8.213972091674805
447	8.159268379211426
448	8.1666841506958
449	8.341169357299805
450	8.163023948669434
451	8.312886238098145
452	8.207136154174805
453	8.223026275634766
454	8.20394515991211
455	8.259560585021973
456	8.35177993774414
457	8.313329696655273
458	8.18749713897705
459	8.253137588500977
460	8.346602439880371
461	8.352008819580078
462	8.38506031036377
463	8.635226249694824
464	8.348769187927246
465	8.448107719421387
466	8.492752075195313
467	8.541739463806152
468	8.409005165100098
469	8.244540214538574
470	8.372954368591309
471	8.313962936401367
472	8.385537147521973
473	8.462894439697266
474	8.453030586242676
475	8.415797233581543
476	8.39097785949707
477	8.587727546691895
478	8.60539436340332
479	8.49610424041748
480	8.466804504394531
481	8.504231452941895
482	8.53237533569336
483	8.783686637878418
484	8.681946754455566
485	8.411632537841797
486	8.319835662841797
487	8.265728950500488
488	8.424817085266113
489	8.351434707641602
490	8.122819900512695
491	8.311464309692383
492	8.275824546813965
493	8.508996963500977
494	8.475762367248535
495	8.362838745117188
496	8.378714561462402
497	8.193694114685059
498	8.225436210632324
499	8.348634719848633
500	8.334692001342773
501	8.402544021606445
502	8.446017265319824
503	8.332986831665039
504	8.356047630310059
505	8.328121185302734
506	8.228459358215332
507	8.483981132507324
508	8.365537643432617
509	8.362198829650879
510	8.277772903442383
511	8.3624906539917
512	8.355522155761719
513	8.45480728149414
514	8.433374404907227
515	8.23068618774414
516	8.396726608276367
517	8.255990982055664
518	8.273723602294922
519	8.687907218933105
520	8.538999557495117
521	8.602991104125977
522	8.726673126220703
523	8.77216625213623
524	8.518073081970215
525	8.320947647094727
526	8.332538604736328
527	8.468498229980469
528	8.377588272094727
529	8.415678024291992
530	8.402657508850098
531	8.378423690795898
532	8.308493614196777
533	8.241415023803711
534	8.105104446411133
535	8.223687171936035
536	8.182656288146973
537	8.246203422546387
538	8.117366790771484
539	8.116534233093262
540	8.18713665008545
541	8.107961654663086
542	8.223368644714355
543	8.095756530761719
544	8.139863014221191
545	8.047076225280762
546	8.078718185424805
547	8.19436264038086
548	8.206664085388184
549	8.359926223754883
550	8.128586769104004
551	8.201583862304688
552	8.060832977294922
553	8.08000659942627
554	8.137731552124023
555	8.130102157592773
556	8.086958885192871
557	8.061412811279297
558	8.07860279083252
559	8.189269065856934
560	8.27414608001709
561	8.09937572479248
562	8.210834503173828
563	8.231139183044434
564	8.3283109664917
565	8.317805290222168
566	8.180697441101074
567	8.295947074890137
568	8.315298080444336
569	8.190552711486816
570	8.132471084594727
571	8.053686141967773
572	8.078831672668457
573	8.0488862991333
574	8.02938175201416
575	8.035988807678223
576	8.126768112182617
577	8.159158706665039
578	8.093290328979492
579	8.141032218933105
580	8.105862617492676
581	8.06517505645752
582	8.026900291442871
583	7.996545791625977
584	8.022205352783203
585	8.050995826721191
586	8.171918869018555
587	8.05305290222168
588	8.172502517700195
589	8.197978973388672
590	8.159961700439453
591	8.123188972473145
592	8.200360298156738
593	8.127668380737305
594	8.173312187194824
595	7.989843845367432
596	8.186880111694336
597	8.112862586975098
598	8.088236808776855
599	8.148088455200195
600	8.122432708740234
601	8.171403884887695
602	8.119545936584473
603	8.195310592651367
604	8.240497589111328
605	8.191370010375977
606	8.18331527709961
607	8.129664421081543
608	8.133102416992188
609	8.096052169799805
610	8.16528606414795
611	8.329246520996094
612	8.20245361328125
613	8.09118366241455
614	8.174372673034668
615	8.093175888061523
616	8.100329399108887
617	7.9959797859191895
618	8.097838401794434
619	8.143827438354492
620	8.149826049804688
621	8.188885688781738
622	8.026034355163574
623	8.127386093139648
624	8.073864936828613
625	8.122909545898438
626	8.093220710754395
627	8.262081146240234
628	8.212833404541016
629	7.986030101776123
630	7.947839736938477
631	8.064336776733398
632	8.073075294494629
633	7.944310665130615
634	7.996794700622559
635	8.062292098999023
636	8.092860221862793
637	7.999485969543457
638	8.037483215332031
639	8.072710990905762
640	8.078662872314453
641	8.043631553649902
642	8.082609176635742
643	8.080360412597656
644	8.065021514892578
645	8.047595977783203
646	8.051122665405273
647	8.02401351928711
648	8.121179580688477
649	8.256583213806152
650	8.018463134765625
651	8.161144256591797
652	7.974367618560791
653	8.053140640258789
654	8.047475814819336
655	8.080245018005371
656	8.15410327911377
657	7.891820907592773
658	8.002685546875
659	8.170473098754883
660	8.06462287902832
661	8.067214012145996
662	8.100956916809082
663	8.104665756225586
664	8.114280700683594
665	8.139619827270508
666	8.15589427947998
667	8.123727798461914
668	8.035767555236816
669	8.12412166595459
670	8.126297950744629
671	8.170124053955078
672	8.054930686950684
673	8.05457878112793
674	8.185220718383789
675	8.08415412902832
676	8.057805061340332
677	8.09233283996582
678	8.124284744262695
679	8.009748458862305
680	8.105106353759766
681	8.11286735534668
682	8.202025413513184
683	8.07612419128418
684	8.143339157104492
685	8.048676490783691
686	8.188752174377441
687	8.275166511535645
688	8.184297561645508
689	8.263463973999023
690	8.28869915008545
691	8.248017311096191
692	8.122139930725098
693	8.134148597717285
694	8.206960678100586
695	8.222743034362793
696	8.163084030151367
697	8.057968139648438
698	8.193259239196777
699	8.207487106323242
700	8.436080932617188
701	8.448902130126953
702	8.340937614440918
703	8.481592178344727
704	8.315668106079102
705	8.162389755249023
706	8.105935096740723
707	8.13223934173584
708	8.207676887512207
709	8.133912086486816
710	8.218005180358887
711	8.124733924865723
712	8.028010368347168
713	8.108888626098633
714	8.115046501159668
715	8.019356727600098
716	8.014391899108887
717	8.103208541870117
718	8.331637382507324
719	8.272401809692383
720	8.270278930664063
721	8.279876708984375
722	8.208162307739258
723	8.25009822845459
724	8.285712242126465
725	8.465343475341797
726	8.231433868408203
727	8.255468368530273
728	8.18276309967041
729	8.423381805419922
730	8.312474250793457
731	8.250411987304688
732	8.271257400512695
733	8.435186386108398
734	8.30762004852295
735	8.417513847351074
736	8.39857006072998
737	8.260271072387695
738	8.19117259979248
739	8.304910659790039
740	8.203621864318848
741	8.292390823364258
742	8.225695610046387
743	8.14366340637207
744	8.327296257019043
745	8.280983924865723
746	8.315640449523926
747	8.377275466918945
748	8.407808303833008
749	8.43923282623291
750	8.303397178649902
751	8.199138641357422
752	8.163093566894531
753	8.134016036987305
754	8.254318237304688
755	8.337651252746582
756	8.17549991607666
757	8.24423885345459
758	8.239561080932617
759	8.28208065032959
760	8.167336463928223
761	8.27489185333252
762	8.253960609436035
763	8.166898727416992
764	8.082428932189941
765	8.256098747253418
766	8.272123336791992
767	8.276775360107422
768	8.345987319946289
769	8.383448600769043
770	8.260772705078125
771	8.365867614746094
772	8.262876510620117
773	8.302958488464355
774	8.210116386413574
775	8.332798957824707
776	8.568260192871094
777	8.261103630065918
778	8.467880249023438
779	8.21688461303711
780	8.44478702545166
781	8.23989486694336
782	8.416229248046875
783	8.30215072631836
784	8.455330848693848
785	8.387324333190918
786	8.181983947753906
787	8.381416320800781
788	8.504698753356934
789	8.574854850769043
790	8.401570320129395
791	8.403725624084473
792	8.377554893493652
793	8.545065879821777
794	8.334595680236816
795	8.425118446350098
796	8.203929901123047
797	8.1221342086792
798	8.198227882385254
799	8.310063362121582
800	8.165993690490723
801	8.178024291992188
802	8.43195915222168
803	8.257628440856934
804	8.185168266296387
805	8.172369956970215
806	8.230208396911621
807	8.0657958984375
808	8.123190879821777
809	8.194921493530273
810	8.199775695800781
811	8.130141258239746
812	8.082276344299316
813	8.113298416137695
814	8.090431213378906
815	8.099135398864746
816	7.952952861785889
817	8.173135757446289
818	8.069570541381836
819	8.019170761108398
820	8.087801933288574
821	8.049585342407227
822	7.995453357696533
823	8.048771858215332
824	8.196025848388672
825	8.1188325881958
826	7.91474723815918
827	8.03486156463623
828	8.15297794342041
829	8.002462387084961
830	8.185519218444824
831	8.136232376098633
832	8.100995063781738
833	8.142991065979004
834	8.08997917175293
835	8.155876159667969
836	7.993885040283203
837	8.00041389465332
838	8.094416618347168
839	8.106613159179688
840	8.058035850524902
841	8.142165184020996
842	8.132933616638184
843	8.162888526916504
844	8.094865798950195
845	8.082958221435547
846	8.073809623718262
847	8.136662483215332
848	8.217443466186523
849	8.173766136169434
850	8.270111083984375
851	8.204302787780762
852	8.235665321350098
853	8.143209457397461
854	8.098184585571289
855	8.02528190612793
856	8.161439895629883
857	8.122701644897461
858	8.211542129516602
859	8.273446083068848
860	8.177197456359863
861	8.124425888061523
862	8.191768646240234
863	8.167983055114746
864	8.145455360412598
865	8.144546508789063
866	8.052639961242676
867	8.207053184509277
868	7.985650539398193
869	8.050076484680176
870	8.014612197875977
871	8.045859336853027
872	8.057690620422363
873	8.154630661010742
874	8.057228088378906
875	8.041975975036621
876	8.044325828552246
877	8.141079902648926
878	8.106832504272461
879	8.07466983795166
880	7.993115425109863
881	8.14338207244873
882	8.136244773864746
883	8.124412536621094
884	8.14456844329834
885	7.981118202209473
886	8.162233352661133
887	8.002397537231445
888	8.167814254760742
889	7.96893310546875
890	8.043693542480469
891	8.079654693603516
892	7.998058319091797
893	8.079641342163086
894	8.166787147521973
895	8.052726745605469
896	8.08505916595459
897	8.085306167602539
898	8.0630464553833
899	7.977651119232178
900	8.009166717529297
901	8.192584037780762
902	8.131958961486816
903	8.114255905151367
904	8.180258750915527
905	8.099205017089844
906	8.012125015258789
907	8.22716999053955
908	8.148072242736816
909	8.079571723937988
910	8.052336692810059
911	8.136204719543457
912	7.983334064483643
913	8.02780818939209
914	8.130593299865723
915	7.96923828125
916	8.080705642700195
917	7.982680797576904
918	7.990427017211914
919	7.978039741516113
920	8.136034965515137
921	8.155319213867188
922	8.104616165161133
923	8.087743759155273
924	8.137981414794922
925	8.19420051574707
926	8.04561710357666
927	8.152095794677734
928	8.145452499389648
929	8.12039852142334
930	8.031283378601074
931	8.137094497680664
932	8.040521621704102
933	8.07950496673584
934	8.065349578857422
935	8.09111499786377
936	8.132756233215332
937	8.25412368774414
938	8.175007820129395
939	8.159920692443848
940	7.994876384735107
941	8.124716758728027
942	8.113248825073242
943	8.046920776367188
944	7.977988243103027
945	8.105010032653809
946	7.952912330627441
947	8.1005277633667
948	8.051728248596191
949	8.085189819335938
950	8.101284980773926
951	8.17131233215332
952	8.029272079467773
953	7.993569374084473
954	8.043662071228027
955	8.088939666748047
956	7.995848655700684
957	8.002058982849121
958	8.101784706115723
959	8.142642974853516
960	8.076461791992188
961	8.204689979553223
962	8.072842597961426
963	8.122468948364258
964	8.121901512145996
965	8.113770484924316
966	8.25356674194336
967	8.17647933959961
968	8.153532028198242
969	8.117899894714355
970	8.073920249938965
971	8.076944351196289
972	8.064170837402344
973	7.995388031005859
974	8.21667194366455
975	8.124044418334961
976	8.24804401397705
977	8.254670143127441
978	8.103545188903809
979	8.18436336517334
980	8.01103401184082
981	8.012580871582031
982	8.040817260742188
983	8.074469566345215
984	7.999786853790283
985	7.998019218444824
986	8.042208671569824
987	8.056530952453613
988	8.003246307373047
989	8.033527374267578
990	8.019999504089355
991	8.007903099060059
992	7.91858434677124
993	8.060592651367188
994	8.091445922851563
995	8.077437400817871
996	8.105295181274414
997	8.106553077697754
998	8.08068561553955
999	8.08868408203125
1000	8.107328414916992
1001	8.14433765411377
1002	8.04604434967041
1003	8.069311141967773
1004	8.042633056640625
1005	8.114880561828613
1006	8.066110610961914
1007	8.019367218017578
1008	8.181145668029785
1009	8.168193817138672
1010	8.097057342529297
1011	8.050243377685547
1012	7.990188121795654
1013	8.041446685791016
1014	8.063413619995117
1015	8.11178207397461
1016	8.153456687927246
1017	8.210122108459473
1018	8.132262229919434
1019	8.235118865966797
1020	8.26048469543457
1021	8.229299545288086
1022	8.096085548400879
1023	8.07908821105957
1024	8.24642562866211
1025	8.13202953338623
1026	8.262173652648926
1027	8.069075584411621
1028	8.207752227783203
1029	8.2100830078125
1030	8.259676933288574
1031	7.9875712394714355
1032	8.120492935180664
1033	8.316204071044922
1034	8.20007610321045
1035	8.181180000305176
1036	8.16249942779541
1037	8.02450180053711
1038	8.125592231750488
1039	8.074971199035645
1040	8.104390144348145
1041	8.157944679260254
1042	8.075023651123047
1043	8.069822311401367
1044	8.08037281036377
1045	8.201855659484863
1046	8.05323600769043
1047	8.158937454223633
1048	8.029679298400879
1049	7.969622611999512
1050	7.979791641235352
1051	8.22188949584961
1052	8.089046478271484
1053	8.138051986694336
1054	8.047073364257813
1055	7.991923809051514
1056	8.140247344970703
1057	8.138736724853516
1058	8.011619567871094
1059	8.19473648071289
1060	8.02650260925293
1061	7.951728820800781
1062	8.018807411193848
1063	7.943251132965088
1064	8.110515594482422
1065	8.299971580505371
1066	8.141989707946777
1067	8.219406127929688
1068	8.13027286529541
1069	8.093971252441406
1070	8.222293853759766
1071	8.224732398986816
1072	8.281848907470703
1073	8.206073760986328
1074	8.201027870178223
1075	8.15465259552002
1076	8.124826431274414
1077	8.073800086975098
1078	8.213194847106934
1079	8.061685562133789
1080	8.058194160461426
1081	8.14737606048584
1082	8.102309226989746
1083	8.097569465637207
1084	8.15608024597168
1085	8.187958717346191
1086	8.323461532592773
1087	8.150900840759277
1088	8.13724422454834
1089	8.130437850952148
1090	8.217605590820313
1091	8.089061737060547
1092	8.100348472595215
1093	8.173473358154297
1094	8.064364433288574
1095	8.150547981262207
1096	8.116954803466797
1097	7.975274085998535
1098	8.117476463317871
1099	8.031079292297363
1100	8.162227630615234
1101	8.181416511535645
1102	8.3150634765625
1103	8.020761489868164
1104	8.060248374938965
1105	8.013053894042969
1106	8.169879913330078
1107	8.152352333068848
1108	8.157827377319336
1109	8.172791481018066
1110	8.140348434448242
1111	8.27115249633789
1112	8.222573280334473
1113	8.267254829406738
1114	8.308698654174805
1115	8.190933227539063
1116	8.25400447845459
1117	8.309409141540527
1118	8.293678283691406
1119	8.496877670288086
1120	8.32193374633789
1121	8.25636100769043
1122	8.264184951782227
1123	8.348631858825684
1124	8.242618560791016
1125	8.301032066345215
1126	8.371988296508789
1127	8.248674392700195
1128	8.375070571899414
1129	8.256032943725586
1130	8.349339485168457
1131	8.366398811340332
1132	8.2843599319458
1133	8.189126014709473
1134	8.382593154907227
1135	8.49699878692627
1136	8.370908737182617
1137	8.22965145111084
1138	8.36113166809082
1139	8.332618713378906
1140	8.103793144226074
1141	8.077492713928223
1142	8.156722068786621
1143	8.215372085571289
1144	8.199850082397461
1145	8.123268127441406
1146	8.171671867370605
1147	8.434916496276855
1148	8.389344215393066
1149	8.215164184570313
1150	8.34699535369873
1151	8.121319770812988
1152	8.272199630737305
1153	8.377559661865234
1154	8.324048042297363
1155	8.09078598022461
1156	8.341389656066895
1157	8.148098945617676
1158	8.23491382598877
1159	8.102277755737305
1160	8.2271146774292
1161	8.184159278869629
1162	8.105502128601074
1163	8.16711139678955
1164	8.257905006408691
1165	8.114468574523926
1166	8.112398147583008
1167	8.151914596557617
1168	8.17736530303955
1169	8.150655746459961
1170	8.138813972473145
1171	8.065815925598145
1172	8.193899154663086
1173	8.05341625213623
1174	8.172097206115723
1175	8.198935508728027
1176	8.19977855682373
1177	8.088436126708984
1178	8.128935813903809
1179	8.155595779418945
1180	7.939725399017334
1181	8.119175910949707
1182	8.054676055908203
1183	8.163023948669434
1184	8.115550994873047
1185	8.223823547363281
1186	8.122383117675781
1187	8.165279388427734
1188	8.159384727478027
1189	8.065805435180664
1190	8.166194915771484
1191	8.078023910522461
1192	8.218520164489746
1193	8.131624221801758
1194	8.140693664550781
1195	8.125271797180176
1196	8.07311725616455
1197	8.078968048095703
1198	8.156539916992188
1199	8.053122520446777
1200	8.116804122924805
1201	8.1406888961792
1202	8.0825834274292
1203	8.065247535705566
1204	8.092514038085938
1205	8.143125534057617
1206	8.11162281036377
1207	8.056315422058105
1208	8.009198188781738
1209	8.199509620666504
1210	8.227818489074707
1211	8.091577529907227
1212	8.19314193725586
1213	8.17285442352295
1214	8.076943397521973
1215	8.21354866027832
1216	8.207880020141602
1217	8.319315910339355
1218	8.179194450378418
1219	8.166180610656738
1220	8.121532440185547
1221	8.313517570495605
1222	8.290504455566406
1223	8.226850509643555
1224	8.183637619018555
1225	8.13833236694336
1226	8.19088077545166
1227	8.122185707092285
1228	8.13783073425293
1229	8.234278678894043
1230	8.175857543945313
1231	8.111146926879883
1232	8.20394515991211
1233	8.196281433105469
1234	8.132511138916016
1235	8.096152305603027
1236	8.077995300292969
1237	8.080843925476074
1238	8.24012565612793
1239	8.110723495483398
1240	8.181180953979492
1241	8.23974323272705
1242	8.14219856262207
1243	8.232402801513672
1244	8.1116943359375
1245	8.11287784576416
1246	8.063477516174316
1247	8.1278715133667
1248	8.078651428222656
1249	8.216275215148926
1250	7.996419429779053
1251	8.096711158752441
1252	7.988135814666748
1253	8.118819236755371
1254	8.068336486816406
1255	8.101398468017578
1256	8.10898208618164
1257	8.095366477966309
1258	8.143073081970215
1259	8.213884353637695
1260	8.096627235412598
1261	8.136466979980469
1262	8.058669090270996
1263	8.080021858215332
1264	8.186408042907715
1265	8.216910362243652
1266	8.140555381774902
1267	8.225839614868164
1268	8.30424976348877
1269	8.164508819580078
1270	8.148940086364746
1271	8.084256172180176
1272	8.075149536132813
1273	7.984976768493652
1274	8.129301071166992
1275	8.043155670166016
1276	8.105835914611816
1277	8.082940101623535
1278	8.075206756591797
1279	8.051248550415039
1280	8.079665184020996
1281	8.06519889831543
1282	8.075809478759766
1283	8.01728343963623
1284	8.141827583312988
1285	8.0770902633667
1286	8.178112030029297
1287	8.232233047485352
1288	8.10190486907959
1289	8.086549758911133
1290	8.047821998596191
1291	8.051281929016113
1292	8.034486770629883
1293	8.115507125854492
1294	8.020683288574219
1295	8.121347427368164
1296	7.9981770515441895
1297	8.094629287719727
1298	8.178818702697754
1299	8.172988891601563
1300	8.102821350097656
1301	8.245931625366211
1302	8.078218460083008
1303	8.247223854064941
1304	8.1416654586792
1305	8.201662063598633
1306	8.088275909423828
1307	8.045819282531738
1308	8.178625106811523
1309	8.203569412231445
1310	8.100754737854004
1311	8.127501487731934
1312	8.176224708557129
1313	8.11528491973877
1314	8.139370918273926
1315	8.074156761169434
1316	8.178878784179688
1317	8.116427421569824
1318	8.193784713745117
1319	8.22636890411377
1320	8.184554100036621
1321	8.185127258300781
1322	8.180778503417969
1323	8.070528030395508
1324	8.175394058227539
1325	8.219090461730957
1326	8.088733673095703
1327	8.069485664367676
1328	8.128277778625488
1329	8.199079513549805
1330	8.155206680297852
1331	8.148066520690918
1332	8.03031063079834
1333	8.177469253540039
1334	8.180397033691406
1335	8.202383041381836
1336	8.1807861328125
1337	8.159730911254883
1338	8.249313354492188
1339	8.159368515014648
1340	8.23447322845459
1341	8.149767875671387
1342	8.148874282836914
1343	8.29123306274414
1344	8.197057723999023
1345	8.073210716247559
1346	8.13550090789795
1347	8.158422470092773
1348	8.110786437988281
1349	8.079050064086914
1350	8.167447090148926
1351	8.184155464172363
1352	8.139283180236816
1353	8.148478507995605
1354	8.19428825378418
1355	8.168865203857422
1356	8.060860633850098
1357	8.16576862335205
1358	8.105704307556152
1359	8.072172164916992
1360	8.141524314880371
1361	8.203887939453125
1362	8.117196083068848
1363	8.200061798095703
1364	8.17271614074707
1365	8.169313430786133
1366	8.098719596862793
1367	8.133585929870605
1368	8.07177734375
1369	8.213162422180176
1370	8.271378517150879
1371	8.067883491516113
1372	8.088037490844727
1373	8.001633644104004
1374	8.135619163513184
1375	8.028914451599121
1376	8.08034610748291
1377	8.115151405334473
1378	8.198022842407227
1379	8.084466934204102
1380	8.059131622314453
1381	8.1426420211792
1382	8.110259056091309
1383	8.16244888305664
1384	8.10496711730957
1385	8.11827278137207
1386	8.060395240783691
1387	8.061114311218262
1388	8.080198287963867
1389	8.180915832519531
1390	8.18333625793457
1391	7.989306449890137
1392	8.07830810546875
1393	8.170439720153809
1394	8.059258460998535
1395	8.127238273620605
1396	8.171648979187012
1397	8.130376815795898
1398	8.076303482055664
1399	8.131767272949219
1400	8.072602272033691
1401	8.136078834533691
1402	8.226106643676758
1403	8.06467056274414
1404	8.235406875610352
1405	8.154494285583496
1406	8.206021308898926
1407	8.038473129272461
1408	8.162095069885254
1409	8.255538940429688
1410	8.151106834411621
1411	8.077816009521484
1412	8.182737350463867
1413	8.109187126159668
1414	8.139057159423828
1415	8.045661926269531
1416	8.07017707824707
1417	8.18883991241455
1418	8.125031471252441
1419	8.212502479553223
1420	8.235111236572266
1421	8.093642234802246
1422	8.16296100616455
1423	8.120630264282227
1424	8.13230037689209
1425	8.085899353027344
1426	8.134662628173828
1427	8.104969024658203
1428	8.06793212890625
1429	8.138340950012207
1430	8.23651123046875
1431	8.20665168762207
1432	8.166356086730957
1433	8.13046646118164
1434	8.139832496643066
1435	8.134666442871094
1436	8.0991792678833
1437	8.183709144592285
1438	8.163948059082031
1439	8.069218635559082
1440	8.221770286560059
1441	8.216402053833008
1442	8.199766159057617
1443	8.213005065917969
1444	8.0212984085083
1445	8.1797456741333
1446	8.297104835510254
1447	8.237649917602539
1448	8.12302303314209
1449	8.296252250671387
1450	8.056292533874512
1451	8.240446090698242
1452	8.088458061218262
1453	8.130212783813477
1454	8.25078010559082
1455	8.144584655761719
1456	8.230712890625
1457	8.442092895507813
1458	8.272082328796387
1459	8.197515487670898
1460	8.103906631469727
1461	8.187590599060059
1462	8.289525032043457
1463	8.126632690429688
1464	8.137056350708008
1465	8.200309753417969
1466	8.273696899414063
1467	8.072032928466797
1468	8.194958686828613
1469	8.268860816955566
1470	8.136796951293945
1471	8.161725044250488
1472	8.243281364440918
1473	8.196137428283691
1474	8.020214080810547
1475	8.160442352294922
1476	8.176237106323242
1477	8.151410102844238
1478	8.225422859191895
1479	8.042490005493164
1480	8.054378509521484
1481	8.118870735168457
1482	8.104618072509766
1483	8.26085376739502
1484	8.201835632324219
1485	8.31110668182373
1486	8.215624809265137
1487	8.193460464477539
1488	8.30211353302002
1489	8.14037799835205
1490	8.111250877380371
1491	8.370912551879883
1492	8.251009941101074
1493	8.320159912109375
1494	8.387045860290527
1495	8.449027061462402
1496	8.4539155960083
1497	8.416333198547363
1498	8.527552604675293
1499	8.451205253601074
1500	8.354512214660645
1501	8.36317253112793
1502	8.424736976623535
1503	8.420896530151367
1504	8.375432014465332
1505	8.568085670471191
1506	8.464228630065918
1507	8.38665771484375
1508	8.506180763244629
1509	8.382074356079102
1510	8.359091758728027
1511	8.38900089263916
1512	8.267618179321289
1513	8.229777336120605
1514	8.265020370483398
1515	8.504213333129883
1516	8.298443794250488
1517	8.436104774475098
1518	8.411566734313965
1519	8.43456745147705
1520	8.317268371582031
1521	8.348970413208008
1522	8.247152328491211
1523	8.344109535217285
1524	8.32314682006836
1525	8.321725845336914
1526	8.245122909545898
1527	8.399184226989746
1528	8.563775062561035
1529	8.271577835083008
1530	8.135738372802734
1531	8.339068412780762
1532	8.201513290405273
1533	8.294018745422363
1534	8.228314399719238
1535	8.173453330993652
1536	8.200398445129395
1537	8.191006660461426
1538	8.280593872070313
1539	8.200141906738281
1540	8.025655746459961
1541	8.169312477111816
1542	8.098958015441895
1543	8.087928771972656
1544	8.203590393066406
1545	8.078124046325684
1546	8.263273239135742
1547	8.254225730895996
1548	8.262158393859863
1549	8.25006103515625
1550	8.227683067321777
1551	8.276537895202637
1552	8.279478073120117
1553	8.183149337768555
1554	8.42253589630127
1555	8.156929969787598
1556	8.359554290771484
1557	8.387784957885742
1558	8.251291275024414
1559	8.210103034973145
1560	8.098304748535156
1561	8.350481986999512
1562	8.194172859191895
1563	8.151376724243164
1564	8.161173820495605
1565	8.159483909606934
1566	8.28195571899414
1567	8.286948204040527
1568	8.442564964294434
1569	8.257305145263672
1570	8.494404792785645
1571	8.092251777648926
1572	7.971369743347168
1573	8.121827125549316
1574	8.081210136413574
1575	8.316994667053223
1576	8.140896797180176
1577	8.017675399780273
1578	8.105071067810059
1579	8.019460678100586
1580	8.184274673461914
1581	8.132288932800293
1582	8.139101028442383
1583	8.104021072387695
1584	8.156169891357422
1585	8.051051139831543
1586	8.194174766540527
1587	7.983048439025879
1588	8.088275909423828
1589	8.127809524536133
1590	8.014986038208008
1591	7.95271110534668
1592	8.16568374633789
1593	8.067591667175293
1594	8.196118354797363
1595	8.003819465637207
1596	7.9486165046691895
1597	8.328123092651367
1598	8.14177417755127
1599	7.976622581481934
1600	8.050761222839355
1601	8.088576316833496
1602	8.005075454711914
1603	8.036349296569824
1604	8.032448768615723
1605	7.9028472900390625
1606	8.018350601196289
1607	8.065990447998047
1608	8.089072227478027
1609	7.96892786026001
1610	8.033498764038086
1611	8.062141418457031
1612	8.1748628616333
1613	7.965577125549316
1614	7.974640846252441
1615	7.986711025238037
1616	8.038846015930176
1617	8.03030014038086
1618	8.040905952453613
1619	7.9908623695373535
1620	7.8964056968688965
1621	7.925264835357666
1622	7.989092826843262
1623	7.952151298522949
1624	8.052861213684082
1625	7.97263240814209
1626	7.870934963226318
1627	8.12166690826416
1628	8.041645050048828
1629	8.150696754455566
1630	7.965104103088379
1631	8.110350608825684
1632	8.066610336303711
1633	8.12233829498291
1634	8.060514450073242
1635	8.282971382141113
1636	8.140036582946777
1637	8.090468406677246
1638	8.092960357666016
1639	8.135139465332031
1640	8.053972244262695
1641	8.132884979248047
1642	7.923803329467773
1643	8.092750549316406
1644	7.955089569091797
1645	7.983737945556641
1646	8.014233589172363
1647	8.069887161254883
1648	8.129871368408203
1649	8.141091346740723
1650	8.043088912963867
1651	8.107115745544434
1652	8.093332290649414
1653	7.92595911026001
1654	7.978545665740967
1655	7.974572658538818
1656	7.969551086425781
1657	8.099943161010742
1658	8.046731948852539
1659	8.060412406921387
1660	8.177298545837402
1661	7.923986434936523
1662	8.04239559173584
1663	8.003658294677734
1664	7.93790340423584
1665	8.131720542907715
1666	8.070188522338867
1667	8.002243995666504
1668	7.8988213539123535
1669	7.994078159332275
1670	8.055262565612793
1671	8.140748023986816
1672	8.050790786743164
1673	7.975773811340332
1674	8.104546546936035
1675	8.021793365478516
1676	8.069673538208008
1677	8.180899620056152
1678	7.989777565002441
1679	8.180298805236816
1680	8.134885787963867
1681	8.084060668945313
1682	7.968682289123535
1683	8.027878761291504
1684	8.13740348815918
1685	8.035847663879395
1686	8.163684844970703
1687	7.936672687530518
1688	7.976681709289551
1689	8.01858139038086
1690	7.97039270401001
1691	8.027397155761719
1692	8.034114837646484
1693	8.11540699005127
1694	8.097145080566406
1695	8.123342514038086
1696	8.187764167785645
1697	8.104726791381836
1698	8.067368507385254
1699	8.029175758361816
1700	8.074097633361816
1701	8.137404441833496
1702	8.047303199768066
1703	8.049301147460938
1704	8.157635688781738
1705	8.116081237792969
1706	8.205953598022461
1707	8.063185691833496
1708	8.079730987548828
1709	8.071965217590332
1710	7.971095561981201
1711	8.042421340942383
1712	7.977556228637695
1713	8.105544090270996
1714	8.0451078414917
1715	8.037367820739746
1716	8.10699462890625
1717	8.081852912902832
1718	8.06757926940918
1719	8.089942932128906
1720	8.073304176330566
1721	8.050010681152344
1722	8.006070137023926
1723	8.032383918762207
1724	8.252634048461914
1725	8.088884353637695
1726	8.035097122192383
1727	8.067090034484863
1728	7.934514999389648
1729	7.973564624786377
1730	8.007834434509277
1731	8.059654235839844
1732	7.960874080657959
1733	8.088860511779785
1734	7.946682453155518
1735	8.02047061920166
1736	8.058156967163086
1737	8.099448204040527
1738	8.075699806213379
1739	8.119112968444824
1740	8.15423583984375
1741	8.034557342529297
1742	8.115758895874023
1743	8.038869857788086
1744	8.067362785339355
1745	7.9965434074401855
1746	8.029999732971191
1747	7.933959007263184
1748	7.977613925933838
1749	7.9781107902526855
1750	8.137236595153809
1751	8.228711128234863
1752	8.149297714233398
1753	8.093003273010254
1754	8.094433784484863
1755	8.096406936645508
1756	8.1085844039917
1757	8.097160339355469
1758	8.025049209594727
1759	8.088056564331055
1760	8.039613723754883
1761	8.051302909851074
1762	8.08799934387207
1763	8.146385192871094
1764	8.058268547058105
1765	8.125947952270508
1766	7.9498610496521
1767	8.13599967956543
1768	8.066267013549805
1769	8.191400527954102
1770	8.033803939819336
1771	8.140230178833008
1772	8.07595157623291
1773	8.23185920715332
1774	8.102424621582031
1775	8.019407272338867
1776	8.004898071289063
1777	8.18423843383789
1778	8.1332368850708
1779	8.069150924682617
1780	8.125064849853516
1781	8.04527473449707
1782	8.122002601623535
1783	8.0982084274292
1784	7.951223373413086
1785	8.070655822753906
1786	8.1349515914917
1787	8.027324676513672
1788	8.067767143249512
1789	8.012747764587402
1790	7.999460697174072
1791	8.09084701538086
1792	8.084325790405273
1793	7.973664283752441
1794	8.252077102661133
1795	8.033526420593262
1796	8.092755317687988
1797	8.03987979888916
1798	8.213661193847656
1799	8.100944519042969
1800	8.125954627990723
1801	8.068595886230469
1802	8.04906940460205
1803	8.200060844421387
1804	8.119620323181152
1805	8.041549682617188
1806	8.036365509033203
1807	8.076369285583496
1808	8.089157104492188
1809	8.063753128051758
1810	8.021206855773926
1811	8.054041862487793
1812	8.09057903289795
1813	8.0154447555542
1814	8.11263370513916
1815	8.07899284362793
1816	8.17480182647705
1817	8.11524486541748
1818	8.090118408203125
1819	8.025089263916016
1820	8.080305099487305
1821	8.012328147888184
1822	8.104737281799316
1823	8.17085075378418
1824	8.241950988769531
1825	8.095564842224121
1826	8.20028305053711
1827	8.030170440673828
1828	8.096080780029297
1829	8.04872989654541
1830	8.055840492248535
1831	8.076549530029297
1832	8.185531616210938
1833	8.054839134216309
1834	8.109983444213867
1835	7.990574359893799
1836	8.05584716796875
1837	8.201037406921387
1838	8.06910228729248
1839	8.024870872497559
1840	8.163991928100586
1841	8.077774047851563
1842	8.138457298278809
1843	8.077840805053711
1844	8.277200698852539
1845	8.104010581970215
1846	8.234237670898438
1847	8.150392532348633
1848	8.145102500915527
1849	8.122745513916016
1850	8.307576179504395
1851	8.24560832977295
1852	8.149181365966797
1853	8.24618148803711
1854	8.230238914489746
1855	8.147449493408203
1856	8.169709205627441
1857	8.161080360412598
1858	8.140730857849121
1859	8.218948364257813
1860	8.051874160766602
1861	8.138238906860352
1862	8.22050952911377
1863	8.180254936218262
1864	8.173500061035156
1865	8.141193389892578
1866	8.179420471191406
1867	8.12879753112793
1868	8.13671875
1869	8.149250030517578
1870	8.142022132873535
1871	8.16890811920166
1872	8.19230842590332
1873	8.416275978088379
1874	8.172640800476074
1875	8.295498847961426
1876	8.260247230529785
1877	8.155230522155762
1878	8.34146785736084
1879	8.312668800354004
1880	8.230460166931152
1881	8.341243743896484
1882	8.338286399841309
1883	8.260883331298828
1884	8.080047607421875
1885	8.206892013549805
1886	8.251334190368652
1887	8.3087739944458
1888	8.217201232910156
1889	8.16952133178711
1890	8.13253116607666
1891	8.23583698272705
1892	8.1235990524292
1893	8.26275634765625
1894	8.23556137084961
1895	8.002760887145996
1896	8.01884937286377
1897	8.227937698364258
1898	8.146435737609863
1899	8.069519996643066
1900	8.13608455657959
1901	8.22463607788086
1902	8.161456108093262
1903	8.188660621643066
1904	8.217205047607422
1905	8.265199661254883
1906	8.245138168334961
1907	8.234335899353027
1908	8.317733764648438
1909	8.348109245300293
1910	8.353928565979004
1911	8.309700012207031
1912	8.303659439086914
1913	8.161096572875977
1914	8.120427131652832
1915	8.124486923217773
1916	8.174580574035645
1917	8.28980541229248
1918	8.186771392822266
1919	8.06064510345459
1920	8.15948486328125
1921	8.27298355102539
1922	8.218430519104004
1923	8.236332893371582
1924	8.117144584655762
1925	8.10687255859375
1926	8.143720626831055
1927	8.16628360748291
1928	8.154693603515625
1929	8.215181350708008
1930	8.2877197265625
1931	8.209790229797363
1932	8.205272674560547
1933	8.180680274963379
1934	8.175945281982422
1935	8.151951789855957
1936	7.960165977478027
1937	8.179370880126953
1938	8.213367462158203
1939	8.068536758422852
1940	8.165924072265625
1941	8.192209243774414
1942	8.137701034545898
1943	8.08823299407959
1944	8.246065139770508
1945	8.077065467834473
1946	8.15633487701416
1947	8.135135650634766
1948	8.176308631896973
1949	8.165726661682129
1950	8.136717796325684
1951	8.064482688903809
1952	8.181106567382813
1953	8.17935848236084
1954	8.047826766967773
1955	8.133981704711914
1956	8.205718040466309
1957	8.113319396972656
1958	8.196852684020996
1959	8.199836730957031
1960	8.20180892944336
1961	8.161140441894531
1962	8.160341262817383
1963	8.138083457946777
1964	8.149770736694336
1965	8.184430122375488
1966	8.241947174072266
1967	8.190681457519531
1968	8.234477996826172
1969	8.136496543884277
1970	8.245299339294434
1971	8.202409744262695
1972	8.019255638122559
1973	8.247879981994629
1974	8.176291465759277
1975	8.135492324829102
1976	8.078904151916504
1977	8.111088752746582
1978	8.142640113830566
1979	8.218497276306152
1980	8.246509552001953
1981	8.130515098571777
1982	8.126596450805664
1983	8.205977439880371
1984	8.221918106079102
1985	8.188010215759277
1986	8.288130760192871
1987	8.195199966430664
1988	8.17994213104248
1989	8.189931869506836
1990	8.138333320617676
1991	8.104020118713379
1992	8.129725456237793
1993	8.149520874023438
1994	8.191896438598633
1995	8.18095588684082
1996	8.15776538848877
1997	8.116122245788574
1998	8.260685920715332
1999	8.32996940612793
2000	8.047094345092773
2001	8.083035469055176
2002	8.165887832641602
2003	8.183747291564941
2004	8.195399284362793
2005	8.123554229736328
2006	8.314926147460938
2007	8.310558319091797
2008	8.164641380310059
2009	8.06253433227539
2010	8.180083274841309
2011	8.181650161743164
2012	8.107303619384766
2013	8.152687072753906
2014	8.178380012512207
2015	8.31324577331543
2016	8.1478853225708
2017	8.175143241882324
2018	8.205732345581055
2019	8.227448463439941
2020	8.060062408447266
2021	8.141024589538574
2022	8.183125495910645
2023	8.089933395385742
2024	8.08301830291748
2025	8.127781867980957
2026	8.138288497924805
2027	8.107830047607422
2028	7.987926006317139
2029	8.119749069213867
2030	8.125321388244629
2031	8.012490272521973
2032	8.163012504577637
2033	8.174314498901367
2034	8.120841026306152
2035	8.079610824584961
2036	8.214836120605469
2037	8.058250427246094
2038	8.154709815979004
2039	8.194039344787598
2040	8.135313034057617
2041	8.27804946899414
2042	8.100987434387207
2043	8.248891830444336
2044	8.126653671264648
2045	8.092109680175781
2046	8.065892219543457
2047	8.310295104980469
2048	8.174603462219238
2049	8.19333267211914
2050	8.115828514099121
2051	8.10611343383789
2052	8.178571701049805
2053	8.147971153259277
2054	8.072946548461914
2055	8.022892951965332
2056	8.113128662109375
2057	8.24839973449707
2058	8.081911087036133
2059	8.186698913574219
2060	8.02958869934082
2061	8.043081283569336
2062	8.141681671142578
2063	8.077805519104004
2064	8.182843208312988
2065	8.150449752807617
2066	8.180908203125
2067	8.247960090637207
2068	8.07373332977295
2069	8.152429580688477
2070	8.18978214263916
2071	8.12310791015625
2072	8.183056831359863
2073	8.077594757080078
2074	8.190802574157715
2075	8.02039909362793
2076	8.169245719909668
2077	8.082040786743164
2078	8.129842758178711
2079	8.225648880004883
2080	8.208175659179688
2081	8.1549072265625
2082	8.280773162841797
2083	8.264575004577637
2084	8.16699504852295
2085	8.233017921447754
2086	8.140338897705078
2087	8.24864387512207
2088	8.233202934265137
2089	8.242408752441406
2090	8.177690505981445
2091	8.141963005065918
2092	8.156231880187988
2093	8.327491760253906
2094	8.194779396057129
2095	8.30029296875
2096	8.070423126220703
2097	8.17583179473877
2098	8.14732551574707
2099	8.088629722595215
2100	8.171338081359863
2101	8.176080703735352
2102	8.113629341125488
2103	8.312108993530273
2104	8.099069595336914
2105	8.12390422821045
2106	8.1846342086792
2107	8.082432746887207
2108	8.226581573486328
2109	8.176005363464355
2110	8.145604133605957
2111	8.175039291381836
2112	8.164885520935059
2113	8.179450035095215
2114	8.247318267822266
2115	8.217354774475098
2116	8.203824996948242
2117	8.222949981689453
2118	8.182150840759277
2119	8.279894828796387
2120	8.207806587219238
2121	8.28691291809082
2122	8.181288719177246
2123	8.094101905822754
2124	8.307897567749023
2125	8.154150009155273
2126	8.1531343460083
2127	8.088228225708008
2128	8.140061378479004
2129	8.095484733581543
2130	8.182064056396484
2131	8.264896392822266
2132	8.075530052185059
2133	8.1079683303833
2134	8.132196426391602
2135	8.265385627746582
2136	8.236662864685059
2137	8.329537391662598
2138	8.207366943359375
2139	8.327905654907227
2140	8.300436973571777
2141	8.198488235473633
2142	8.229028701782227
2143	8.131657600402832
2144	8.164342880249023
2145	8.22906494140625
2146	8.197619438171387
2147	8.1931734085083
2148	8.24082088470459
2149	8.247087478637695
2150	8.243951797485352
2151	8.26704216003418
2152	8.186779975891113
2153	8.23774242401123
2154	8.207475662231445
2155	8.159200668334961
2156	8.019625663757324
2157	8.199136734008789
2158	8.13563346862793
2159	8.252750396728516
2160	8.19283676147461
2161	8.231529235839844
2162	8.242555618286133
2163	8.176957130432129
2164	8.103679656982422
2165	8.23824405670166
2166	8.248412132263184
2167	8.191516876220703
2168	8.19779109954834
2169	8.218572616577148
2170	8.299221992492676
2171	8.166474342346191
2172	8.135689735412598
2173	8.313652992248535
2174	8.321730613708496
2175	8.338081359863281
2176	8.19046688079834
2177	8.158668518066406
2178	8.118487358093262
2179	8.212690353393555
2180	8.227108001708984
2181	8.104411125183105
2182	8.2410888671875
2183	8.209853172302246
2184	8.239692687988281
2185	8.256281852722168
2186	8.20915412902832
2187	8.27862548828125
2188	8.239123344421387
2189	8.276737213134766
2190	8.214686393737793
2191	8.187257766723633
2192	8.268203735351563
2193	8.173025131225586
2194	8.205560684204102
2195	8.161569595336914
2196	8.235490798950195
2197	8.157805442810059
2198	8.184542655944824
2199	8.076878547668457
2200	8.19144058227539
2201	8.131881713867188
2202	8.2515287399292
2203	8.237988471984863
2204	8.239209175109863
2205	8.184632301330566
2206	8.284786224365234
2207	8.194511413574219
2208	8.250876426696777
2209	8.25880241394043
2210	8.209007263183594
2211	8.106861114501953
2212	8.255650520324707
2213	8.131407737731934
2214	8.23349380493164
2215	8.295681953430176
2216	8.157386779785156
2217	8.227151870727539
2218	8.197269439697266
2219	8.27087116241455
2220	8.225998878479004
2221	8.312119483947754
2222	8.175349235534668
2223	8.05077838897705
2224	8.27302360534668
2225	8.232983589172363
2226	8.246406555175781
2227	8.193163871765137
2228	8.283217430114746
2229	8.198675155639648
2230	8.204413414001465
2231	8.255172729492188
2232	8.13995361328125
2233	8.212220191955566
2234	8.32795524597168
2235	8.335412979125977
2236	8.235113143920898
2237	8.313136100769043
2238	8.15884780883789
2239	8.182639122009277
2240	8.185277938842773
2241	8.277627944946289
2242	8.24240493774414
2243	8.406892776489258
2244	8.261614799499512
2245	8.200420379638672
2246	8.22313404083252
2247	8.197248458862305
2248	8.22138500213623
2249	8.24948501586914
2250	8.186457633972168
2251	8.229801177978516
2252	8.166596412658691
2253	8.146469116210938
2254	8.073256492614746
2255	8.093947410583496
2256	8.129270553588867
2257	8.324477195739746
2258	8.216897964477539
2259	8.252578735351563
2260	8.188101768493652
2261	8.24217414855957
2262	8.325460433959961
2263	8.212056159973145
2264	8.168381690979004
2265	8.252493858337402
2266	8.258749008178711
2267	8.316296577453613
2268	8.147001266479492
2269	8.134292602539063
2270	8.26391315460205
2271	8.168476104736328
2272	8.252872467041016
2273	8.220086097717285
2274	8.352063179016113
2275	8.319083213806152
2276	8.252336502075195
2277	8.18735122680664
2278	8.175429344177246
2279	8.262529373168945
2280	8.187442779541016
2281	8.144078254699707
2282	8.016554832458496
2283	8.214856147766113
2284	8.100408554077148
2285	8.194828033447266
2286	8.15677547454834
2287	8.118258476257324
2288	8.178861618041992
2289	8.153120994567871
2290	8.132803916931152
2291	8.128997802734375
2292	8.180440902709961
2293	8.15137767791748
2294	8.151071548461914
2295	8.196700096130371
2296	8.078784942626953
2297	8.166650772094727
2298	8.173005104064941
2299	8.155190467834473
2300	8.142264366149902
2301	8.131353378295898
2302	8.111515998840332
2303	8.283341407775879
2304	8.142395973205566
2305	8.170144081115723
2306	8.202408790588379
2307	8.113079071044922
2308	8.07278823852539
2309	8.151175498962402
2310	8.0850248336792
2311	8.146202087402344
2312	8.071800231933594
2313	8.07177734375
2314	8.11470890045166
2315	8.153076171875
2316	8.147369384765625
2317	8.04830551147461
2318	8.04675579071045
2319	8.038665771484375
2320	8.09909439086914
2321	8.011491775512695
2322	8.128414154052734
2323	8.083919525146484
2324	8.186225891113281
2325	8.085147857666016
2326	8.125134468078613
2327	8.079349517822266
2328	8.128849983215332
2329	8.090341567993164
2330	8.102200508117676
2331	8.001443862915039
2332	8.169265747070313
2333	8.084184646606445
2334	8.078169822692871
2335	8.044215202331543
2336	8.130118370056152
2337	8.13094425201416
2338	8.028939247131348
2339	8.146807670593262
2340	8.224569320678711
2341	8.279156684875488
2342	8.154862403869629
2343	8.090218544006348
2344	8.325407981872559
2345	8.232778549194336
2346	8.061110496520996
2347	8.282342910766602
2348	8.297602653503418
2349	8.136183738708496
2350	8.158604621887207
2351	8.095749855041504
2352	8.087562561035156
2353	8.09360408782959
2354	8.105510711669922
2355	8.259939193725586
2356	8.172496795654297
2357	8.259359359741211
2358	8.098784446716309
2359	8.041118621826172
2360	8.175045013427734
2361	8.068897247314453
2362	8.147099494934082
2363	8.101533889770508
2364	8.056303977966309
2365	8.038162231445313
2366	8.063048362731934
2367	8.110950469970703
2368	8.084823608398438
2369	8.17645263671875
2370	8.057312965393066
2371	8.15042495727539
2372	8.333625793457031
2373	8.398881912231445
2374	8.438044548034668
2375	8.584392547607422
2376	8.450512886047363
2377	8.329317092895508
2378	8.30614948272705
2379	8.275256156921387
2380	8.300222396850586
2381	8.226466178894043
2382	8.378955841064453
2383	8.210176467895508
2384	8.201924324035645
2385	8.351812362670898
2386	8.256091117858887
2387	8.2925443649292
2388	8.309224128723145
2389	8.199941635131836
2390	8.357701301574707
2391	8.108638763427734
2392	8.176015853881836
2393	8.275568008422852
2394	8.35624885559082
2395	8.405624389648438
2396	8.29033088684082
2397	8.263325691223145
2398	8.364631652832031
2399	8.334766387939453
2400	8.510123252868652
2401	8.37265682220459
2402	8.213583946228027
2403	8.17934799194336
2404	8.233662605285645
2405	8.160762786865234
2406	8.180164337158203
2407	8.21655559539795
2408	8.06370735168457
2409	8.015974044799805
2410	8.114067077636719
2411	8.075138092041016
2412	8.07052230834961
2413	8.128204345703125
2414	8.137593269348145
2415	8.011134147644043
2416	8.08981704711914
2417	7.990539073944092
2418	8.06874942779541
2419	8.067150115966797
2420	8.02730655670166
2421	7.985933303833008
2422	8.101051330566406
2423	7.997561931610107
2424	8.074862480163574
2425	8.179181098937988
2426	8.121786117553711
2427	8.087677001953125
2428	8.07215404510498
2429	8.104676246643066
2430	8.082744598388672
2431	8.145166397094727
2432	8.137665748596191
2433	8.009023666381836
2434	8.029875755310059
2435	8.165534019470215
2436	7.923110008239746
2437	8.0060396194458
2438	7.946528911590576
2439	8.112181663513184
2440	7.957849025726318
2441	8.06284236907959
2442	8.02525806427002
2443	8.071578979492188
2444	8.086002349853516
2445	8.19405746459961
2446	8.097861289978027
2447	7.977357864379883
2448	8.126792907714844
2449	8.095247268676758
2450	8.231112480163574
2451	8.047280311584473
2452	8.082446098327637
2453	8.128044128417969
2454	8.153253555297852
2455	8.110867500305176
2456	8.055601119995117
2457	8.073897361755371
2458	8.196871757507324
2459	8.11428165435791
2460	8.162168502807617
2461	8.039166450500488
2462	8.137516975402832
2463	8.092706680297852
2464	8.198564529418945
2465	8.16417121887207
2466	8.131036758422852
2467	8.109850883483887
2468	8.274497032165527
2469	8.144516944885254
2470	8.12897777557373
2471	8.16736888885498
2472	8.103243827819824
2473	8.210948944091797
2474	8.137308120727539
2475	8.077895164489746
2476	8.223492622375488
2477	8.168842315673828
2478	8.055068969726563
2479	8.270088195800781
2480	8.120213508605957
2481	8.113675117492676
2482	8.224199295043945
2483	8.146456718444824
2484	8.023917198181152
2485	8.225707054138184
2486	8.096114158630371
2487	8.210415840148926
2488	8.041366577148438
2489	8.130581855773926
2490	8.178964614868164
2491	8.123724937438965
2492	8.147746086120605
2493	8.123677253723145
2494	8.027559280395508
2495	8.112318992614746
2496	8.23416519165039
2497	8.132401466369629
2498	8.038439750671387
2499	8.239965438842773
2500	8.177678108215332
2501	8.184364318847656
2502	8.11516284942627
2503	8.127459526062012
2504	8.006755828857422
2505	8.076959609985352
2506	7.987937927246094
2507	8.071499824523926
2508	8.101999282836914
2509	8.056859016418457
2510	8.028651237487793
2511	8.098161697387695
2512	8.153045654296875
2513	8.111907005310059
2514	8.065479278564453
2515	8.004525184631348
2516	8.157622337341309
2517	8.139726638793945
2518	8.240447044372559
2519	8.106106758117676
2520	7.993521213531494
2521	7.974485874176025
2522	7.903573513031006
2523	8.011445045471191
2524	8.180727005004883
2525	8.142865180969238
2526	8.098264694213867
2527	8.033348083496094
2528	8.058180809020996
2529	8.125040054321289
2530	8.075167655944824
2531	8.091593742370605
2532	8.114089965820313
2533	8.098296165466309
2534	8.08674144744873
2535	7.970088005065918
2536	7.98119592666626
2537	7.9872941970825195
2538	7.983154296875
2539	8.026390075683594
2540	8.01226806640625
2541	8.021188735961914
2542	8.15695571899414
2543	7.992897987365723
2544	8.122213363647461
2545	8.194853782653809
2546	8.035740852355957
2547	7.997350215911865
2548	8.023860931396484
2549	8.04539966583252
2550	8.02405834197998
2551	8.070500373840332
2552	8.16960334777832
2553	8.05570125579834
2554	8.054204940795898
2555	8.0357027053833
2556	8.08243465423584
2557	8.079224586486816
2558	8.105600357055664
2559	7.958948135375977
2560	8.118464469909668
2561	8.021483421325684
2562	8.054208755493164
2563	8.025193214416504
2564	8.121570587158203
2565	8.12385368347168
2566	8.152083396911621
2567	8.06881332397461
2568	8.114174842834473
2569	8.194293975830078
2570	8.192353248596191
2571	8.236152648925781
2572	8.02524185180664
2573	8.131662368774414
2574	8.004097938537598
2575	8.133759498596191
2576	8.093521118164063
2577	8.172309875488281
2578	8.109333038330078
2579	8.227041244506836
2580	8.140454292297363
2581	8.103179931640625
2582	8.308643341064453
2583	8.168529510498047
2584	8.210870742797852
2585	8.037738800048828
2586	8.121305465698242
2587	8.16165828704834
2588	8.030117988586426
2589	8.081348419189453
2590	7.933147430419922
2591	8.008393287658691
2592	7.957279682159424
2593	8.055423736572266
2594	8.005134582519531
2595	8.135970115661621
2596	8.209192276000977
2597	8.16423511505127
2598	8.094733238220215
2599	8.184746742248535
2600	8.087979316711426
2601	8.167126655578613
2602	8.247663497924805
2603	8.081399917602539
2604	8.001513481140137
2605	8.074563980102539
2606	8.214431762695313
2607	8.008687973022461
2608	8.107963562011719
2609	8.023210525512695
2610	8.106425285339355
2611	8.127850532531738
2612	8.075518608093262
2613	8.019980430603027
2614	8.042560577392578
2615	7.901734352111816
2616	8.039185523986816
2617	8.076786994934082
2618	8.073347091674805
2619	8.158074378967285
2620	8.17043399810791
2621	8.119384765625
2622	8.155877113342285
2623	8.129400253295898
2624	8.04423713684082
2625	8.137368202209473
2626	8.119806289672852
2627	8.260518074035645
2628	8.077949523925781
2629	8.114434242248535
2630	8.1561918258667
2631	7.962841033935547
2632	8.044313430786133
2633	8.021865844726563
2634	8.033806800842285
2635	8.114570617675781
2636	8.12458324432373
2637	8.060994148254395
2638	8.092205047607422
2639	8.041234970092773
2640	8.078598976135254
2641	8.176901817321777
2642	8.098078727722168
2643	8.053909301757813
2644	8.089323043823242
