Frame	Distance
0	5.853823661804199
1	5.853823661804199
2	3.439549446105957
3	3.341899871826172
4	3.5560340881347656
5	4.910283088684082
6	4.844224452972412
7	4.999354839324951
8	6.484530448913574
9	6.404293060302734
10	4.918210029602051
11	4.279346942901611
12	4.243861675262451
13	4.897555351257324
14	5.140717506408691
15	4.7862138748168945
16	5.762771129608154
17	4.4540605545043945
18	5.112620830535889
19	5.3918843269348145
20	4.277589321136475
21	4.319768905639648
22	4.8607940673828125
23	5.234272003173828
24	5.242473125457764
25	4.343520164489746
26	6.474892616271973
27	3.870450973510742
28	5.523001670837402
29	5.045844078063965
30	5.614261627197266
31	5.376152992248535
32	4.822378158569336
33	4.458802700042725
34	4.504641532897949
35	4.898681163787842
36	5.9831061363220215
37	4.679821014404297
38	6.308193683624268
39	5.519138813018799
40	5.813688278198242
41	4.66218900680542
42	4.428171634674072
43	4.641851425170898
44	4.635072231292725
45	4.712369441986084
46	5.005366802215576
47	5.166490077972412
48	4.789045810699463
49	5.13082218170166
50	4.568715572357178
51	4.878743648529053
52	4.894308090209961
53	4.862551212310791
54	5.249743461608887
55	4.571810245513916
56	5.090908050537109
57	5.369279861450195
58	4.409886360168457
59	4.598994731903076
60	4.6766767501831055
61	4.518743991851807
62	4.621074676513672
63	3.8361799716949463
64	4.817474842071533
65	4.797606468200684
66	4.660438537597656
67	5.204140663146973
68	4.4074788093566895
69	5.175595760345459
70	4.7806525230407715
71	4.485605716705322
72	5.175975322723389
73	4.701082706451416
74	4.7084760665893555
75	4.578302383422852
76	4.92860746383667
77	4.836123466491699
78	5.063175201416016
79	4.724774360656738
80	5.3378520011901855
81	3.9532833099365234
82	4.2364068031311035
83	5.1676530838012695
84	4.517581462860107
85	4.938304424285889
86	5.166076183319092
87	4.7620930671691895
88	5.294520378112793
89	4.56036376953125
90	5.5165114402771
91	5.324514389038086
92	4.832587718963623
93	4.908758163452148
94	4.474582672119141
95	4.9184746742248535
96	4.888636112213135
97	4.851533889770508
98	5.538078308105469
99	5.148337364196777
100	4.067406177520752
101	4.405861854553223
102	4.439032077789307
103	5.26948881149292
104	4.242417335510254
105	3.40704345703125
106	3.258925437927246
107	3.6115427017211914
108	3.282728672027588
109	3.4917473793029785
110	3.3006973266601562
111	3.4384450912475586
112	3.307922601699829
113	3.6108477115631104
114	3.688641309738159
115	3.6657931804656982
116	3.420409917831421
117	3.1773288249969482
118	3.2434258460998535
119	3.1735236644744873
120	3.247953414916992
121	3.520507335662842
122	3.32938289642334
123	3.4809253215789795
124	3.7662675380706787
125	3.184372663497925
126	3.0491483211517334
127	3.189974784851074
128	3.217322826385498
129	2.950390338897705
130	3.265244245529175
131	3.6708695888519287
132	3.0385677814483643
133	3.372022867202759
134	3.3959052562713623
135	3.078711986541748
136	3.30535626411438
137	3.322600841522217
138	3.001863479614258
139	3.3980495929718018
140	3.253309488296509
141	3.1457533836364746
142	3.181710958480835
143	3.629032611846924
144	3.2610771656036377
145	3.674264430999756
146	3.242643356323242
147	3.1271867752075195
148	3.086766242980957
149	3.204538106918335
150	3.1944947242736816
151	3.219306230545044
152	3.307514190673828
153	3.4685609340667725
154	3.5946052074432373
155	3.311509132385254
156	3.0904924869537354
157	3.471036434173584
158	3.126659393310547
159	4.954031944274902
160	3.318915605545044
161	3.4741017818450928
162	3.5518460273742676
163	3.4457242488861084
164	3.4747533798217773
165	3.303555965423584
166	3.5754830837249756
167	3.61483097076416
168	3.4822194576263428
169	3.618347644805908
170	3.3975942134857178
171	3.3958401679992676
172	3.5167853832244873
173	3.307738780975342
174	3.0833351612091064
175	3.094618320465088
176	3.622170925140381
177	3.6527140140533447
178	4.784591197967529
179	5.284303665161133
180	4.373366355895996
181	5.0224995613098145
182	4.33909797668457
183	4.519820690155029
184	5.649967193603516
185	4.761200428009033
186	4.538880348205566
187	4.409598350524902
188	4.718096733093262
189	4.763766288757324
190	4.219573497772217
191	4.641311168670654
192	4.793705463409424
193	4.45911169052124
194	5.093298435211182
195	4.4435505867004395
196	4.988458633422852
197	5.5562262535095215
198	4.914742946624756
199	5.202757358551025
200	4.287888050079346
201	4.9573974609375
202	4.835733413696289
203	4.126765727996826
204	4.383367538452148
205	4.731240749359131
206	4.575090408325195
207	4.4717607498168945
208	4.638266086578369
209	4.914912223815918
210	5.391717910766602
211	4.861576557159424
212	4.528102397918701
213	5.197082996368408
214	4.646641731262207
215	5.007627964019775
216	4.663619041442871
217	3.10512375831604
218	3.2315855026245117
219	3.4750401973724365
220	3.522519826889038
221	3.4730966091156006
222	3.2495436668395996
223	3.5398988723754883
224	4.765978813171387
225	4.712918758392334
226	5.319796562194824
227	5.6209211349487305
228	4.869381904602051
229	5.281313419342041
230	4.8185834884643555
231	4.953257083892822
232	5.002219200134277
233	4.382376670837402
234	3.4603898525238037
235	3.221757173538208
236	3.0791428089141846
237	3.3033173084259033
238	3.3582589626312256
239	3.465893268585205
240	3.350670099258423
241	3.4123411178588867
242	3.2888550758361816
243	3.5482771396636963
244	3.450385570526123
245	3.568190336227417
246	3.241896390914917
247	2.889411211013794
248	3.472651243209839
249	3.4302306175231934
250	3.456019639968872
251	3.3329782485961914
252	3.8257434368133545
253	3.3998405933380127
254	3.434091091156006
255	4.394644260406494
256	5.368732452392578
257	4.217666149139404
258	3.8871264457702637
259	4.122840881347656
260	5.241027355194092
261	5.040386199951172
262	5.145573139190674
263	4.911806106567383
264	3.3845973014831543
265	3.2660694122314453
266	5.567443370819092
267	5.2244553565979
268	5.1001152992248535
269	5.1986188888549805
270	4.947955131530762
271	4.929973125457764
272	4.756036758422852
273	4.4712629318237305
274	5.353324890136719
275	3.505215883255005
276	3.380524158477783
277	3.257131576538086
278	3.2232534885406494
279	3.3080005645751953
280	3.348155975341797
281	2.9050068855285645
282	4.499433517456055
283	4.132312297821045
284	3.2492239475250244
285	3.84614896774292
286	3.6980884075164795
287	3.5131382942199707
288	3.2503702640533447
289	3.5391178131103516
290	3.815751314163208
291	3.1475117206573486
292	3.3498404026031494
293	3.6920816898345947
294	3.6226983070373535
295	3.926504373550415
296	3.515432357788086
297	3.8331189155578613
298	2.5609376430511475
299	3.752622604370117
300	4.39795446395874
301	4.869807243347168
302	5.7587571144104
303	5.207363128662109
304	3.6449196338653564
305	4.8154096603393555
306	6.127967357635498
307	4.448975086212158
308	4.975187301635742
309	4.7151384353637695
310	4.331837177276611
311	4.85530948638916
312	5.055543422698975
313	4.639725685119629
314	4.501833915710449
315	5.354875087738037
316	3.6558053493499756
317	4.025481700897217
318	5.28936767578125
319	5.1868109703063965
320	5.097517013549805
321	3.2840960025787354
322	3.5066709518432617
323	3.3962643146514893
324	3.458953380584717
325	3.498215436935425
326	3.7142081260681152
327	3.5163750648498535
328	3.4880177974700928
329	3.585723638534546
330	3.5118255615234375
331	3.546480178833008
332	4.824651718139648
333	5.264734745025635
334	4.836198329925537
335	5.305052280426025
336	5.023255825042725
337	5.099841594696045
338	5.113645076751709
339	5.519463539123535
340	4.725649833679199
341	5.153112888336182
342	5.2544474601745605
343	5.322400093078613
344	5.08134651184082
345	4.441929817199707
346	4.137887001037598
347	4.848226547241211
348	5.521903991699219
349	5.246050834655762
350	4.61167573928833
351	5.1574296951293945
352	5.460506439208984
353	5.275895595550537
354	5.320605278015137
355	4.799861431121826
356	5.183272361755371
357	5.303827285766602
358	5.375204563140869
359	5.1570868492126465
360	5.122700214385986
361	4.993076801300049
362	4.908584117889404
363	5.067270755767822
364	4.516281604766846
365	4.854492664337158
366	5.160600185394287
367	5.07309627532959
368	4.584871292114258
369	5.391604423522949
370	4.78539514541626
371	4.255671501159668
372	4.572490692138672
373	5.2352447509765625
374	4.63400411605835
375	4.865281581878662
376	5.394550323486328
377	4.882248401641846
378	4.7870941162109375
379	4.77904748916626
380	4.815948963165283
381	3.238856554031372
382	3.507913589477539
383	3.4737138748168945
384	3.453031063079834
385	3.46189284324646
386	3.629624605178833
387	3.1803343296051025
388	2.848904848098755
389	3.1540043354034424
390	3.4717559814453125
391	3.478717803955078
392	3.4777934551239014
393	3.2329342365264893
394	4.770988464355469
395	3.53200364112854
396	3.2913596630096436
397	3.4815855026245117
398	3.3756697177886963
399	3.461012840270996
400	3.3904457092285156
401	3.328206777572632
402	4.633028507232666
403	4.849778175354004
404	5.043656826019287
405	4.967916488647461
406	4.400948524475098
407	4.769787788391113
408	3.914126396179199
409	3.075618028640747
410	3.4029486179351807
411	3.332228899002075
412	4.853408336639404
413	4.984808921813965
414	5.139766693115234
415	3.381620168685913
416	3.349897861480713
417	3.183614730834961
418	3.4217796325683594
419	3.6153345108032227
420	3.3076541423797607
421	3.4401633739471436
422	3.7940351963043213
423	3.2002146244049072
424	3.230327606201172
425	3.183770179748535
426	3.4531517028808594
427	3.1022796630859375
428	3.6125094890594482
429	3.106330633163452
430	3.1556215286254883
431	3.2360806465148926
432	3.153888463973999
433	3.466517686843872
434	3.6039421558380127
435	3.37899112701416
436	3.2085466384887695
437	5.328516483306885
438	5.488663673400879
439	4.869936466217041
440	4.852924823760986
441	3.4454405307769775
442	3.4558310508728027
443	3.0749433040618896
444	3.2690694332122803
445	3.2180073261260986
446	3.4756641387939453
447	3.6759531497955322
448	4.714702129364014
449	4.760666370391846
450	5.415324687957764
451	4.9293131828308105
452	4.436524391174316
453	3.9098494052886963
454	3.7418265342712402
455	3.193242073059082
456	3.54059100151062
457	3.1104369163513184
458	3.3222248554229736
459	3.272533655166626
460	3.225257396697998
461	3.329486846923828
462	4.569797039031982
463	4.753826141357422
464	5.122060775756836
465	4.636213779449463
466	5.074689865112305
467	5.05714225769043
468	5.023815155029297
469	4.9907965660095215
470	4.992949962615967
471	4.822039604187012
472	4.518459796905518
473	4.639368534088135
474	4.8133344650268555
475	4.6911725997924805
476	3.728332042694092
477	3.4898762702941895
478	3.2349843978881836
479	3.417269229888916
480	3.542320728302002
481	3.187635660171509
482	3.396878480911255
483	3.5464046001434326
484	3.289609909057617
485	3.4410488605499268
486	3.6015431880950928
487	3.5593862533569336
488	3.488255023956299
489	3.171062469482422
490	5.25331449508667
491	3.4449782371520996
492	3.4105608463287354
493	3.3395445346832275
494	3.4464192390441895
495	3.0821239948272705
496	3.5735669136047363
497	3.3453166484832764
498	3.2785286903381348
499	3.0834202766418457
500	3.5691397190093994
501	3.0224359035491943
502	3.4519271850585938
503	3.447023868560791
504	3.635939359664917
505	3.3174808025360107
506	3.381261110305786
507	3.2592461109161377
508	5.225567817687988
509	3.264289617538452
510	3.330108404159546
511	4.459931373596191
512	3.1265175342559814
513	3.357913017272949
514	3.1837880611419678
515	5.432939529418945
516	3.9228479862213135
517	5.321628570556641
518	5.002130031585693
519	4.9332709312438965
520	4.638572692871094
521	5.029819488525391
522	5.39304780960083
523	4.991255283355713
524	4.9107184410095215
525	4.822312831878662
526	5.300605773925781
527	5.27237606048584
528	4.832711696624756
529	5.119555950164795
530	5.292765140533447
531	4.769800186157227
532	5.509537220001221
533	5.466061592102051
534	4.5477986335754395
535	4.2588372230529785
536	5.049415111541748
537	3.50242018699646
538	5.268702983856201
539	5.118140697479248
540	4.723433971405029
541	5.225470542907715
542	4.7108988761901855
543	4.588433265686035
544	4.4005327224731445
545	4.964576721191406
546	5.422458171844482
547	3.5057835578918457
548	3.4207348823547363
549	3.427455425262451
550	3.1754531860351562
551	4.771155834197998
552	5.415063381195068
553	3.2585885524749756
554	3.050135612487793
555	3.3840341567993164
556	3.2221271991729736
557	3.392113208770752
558	3.7517831325531006
559	3.1787848472595215
560	3.262023448944092
561	3.645930051803589
562	3.3412442207336426
563	3.300659418106079
564	3.5176823139190674
565	3.3517489433288574
566	3.4770755767822266
567	3.387840986251831
568	3.5346527099609375
569	3.413372039794922
570	3.37630295753479
571	3.3165385723114014
572	3.521916627883911
573	3.409250497817993
574	5.2991414070129395
575	5.403442859649658
576	5.1565842628479
577	5.239904403686523
578	4.7935404777526855
579	4.8473310470581055
580	5.473235607147217
581	5.043061256408691
582	5.282855033874512
583	4.888017177581787
584	5.264026641845703
585	5.1025776863098145
586	5.2028489112854
587	4.840481758117676
588	4.894491672515869
589	5.1660261154174805
590	4.723878383636475
591	5.169438362121582
592	4.453535079956055
593	4.4398579597473145
594	4.614485263824463
595	4.359294891357422
596	5.190189838409424
597	3.7817468643188477
598	4.415092468261719
599	3.81006121635437
600	4.4881978034973145
601	4.5673909187316895
602	4.483939170837402
603	4.423029899597168
604	3.497370481491089
605	3.4747016429901123
606	3.4805591106414795
607	3.5773704051971436
608	4.392053604125977
609	5.2706990242004395
610	5.340138912200928
611	3.244861364364624
612	3.0994017124176025
613	3.2511508464813232
614	4.488073348999023
615	5.453439712524414
616	5.016632080078125
617	5.531915187835693
618	5.250941276550293
619	4.806778907775879
620	5.112127304077148
621	3.4546632766723633
622	3.181946277618408
623	3.3593106269836426
624	3.2496979236602783
625	3.2153611183166504
626	4.23306131362915
627	3.455296516418457
628	3.5330111980438232
629	3.6875510215759277
630	3.262364625930786
631	3.213705062866211
632	3.493772506713867
633	3.1947832107543945
634	3.5329344272613525
635	3.733372688293457
636	3.173229932785034
637	3.2269644737243652
638	3.157536506652832
639	3.265505313873291
640	3.7787013053894043
641	3.389360189437866
642	3.0706710815429688
643	3.2993555068969727
644	3.293668746948242
645	3.5803513526916504
646	3.187948703765869
647	3.3641698360443115
648	3.2751903533935547
649	3.4523813724517822
650	3.2891809940338135
651	3.3385019302368164
652	3.3608179092407227
653	3.1578218936920166
654	3.2422375679016113
655	3.494905471801758
656	3.372220039367676
657	3.337236166000366
658	3.1255548000335693
659	3.3120131492614746
660	3.588883399963379
661	3.2698357105255127
662	3.075974941253662
663	3.168015718460083
664	3.370131731033325
665	3.0407097339630127
666	3.1077730655670166
667	3.4897263050079346
668	3.3446695804595947
669	3.780587911605835
670	3.2846486568450928
671	2.9381320476531982
672	3.305713176727295
673	3.4155263900756836
674	3.2158730030059814
675	3.3180441856384277
676	3.465451240539551
677	3.7184746265411377
678	3.4017651081085205
679	3.13915753364563
680	3.4958178997039795
681	3.452643632888794
682	3.4335875511169434
683	3.618419647216797
684	3.503032922744751
685	3.018307685852051
686	3.452545166015625
687	3.3975067138671875
688	3.445483922958374
689	3.574256420135498
690	3.5692155361175537
691	3.553347110748291
692	3.512585401535034
693	3.2690818309783936
694	3.4516568183898926
695	3.275191068649292
696	3.381319999694824
697	5.53007173538208
698	6.156445026397705
699	4.783950328826904
700	6.815078258514404
701	6.987087249755859
702	9.284714698791504
703	8.341543197631836
704	6.3334245681762695
705	4.650376319885254
706	4.302698612213135
707	3.71592116355896
708	5.3695526123046875
709	3.871833324432373
710	5.553921222686768
711	5.510131359100342
712	5.4648966789245605
713	4.999640464782715
714	5.448355674743652
715	4.776227951049805
716	4.795956611633301
717	3.39420485496521
718	3.345142126083374
719	3.3675148487091064
720	3.4493637084960938
721	3.351980686187744
722	3.055553674697876
723	3.1111233234405518
724	3.5116889476776123
725	3.1900696754455566
726	3.431163787841797
727	3.475581169128418
728	3.2939608097076416
729	3.425670623779297
730	3.3159797191619873
731	3.3039186000823975
732	5.04429817199707
733	3.48270320892334
734	3.1893081665039062
735	3.2670788764953613
736	3.4782660007476807
737	3.0963587760925293
738	3.4480299949645996
739	3.259614944458008
740	3.234100580215454
741	3.5978288650512695
742	3.348970890045166
743	3.198725938796997
744	3.5323879718780518
745	3.2620227336883545
746	3.2792370319366455
747	3.2094972133636475
748	5.114068508148193
749	4.674186706542969
750	4.859206199645996
751	5.473159313201904
752	3.684157371520996
753	3.383904218673706
754	5.378622531890869
755	3.5673153400421143
756	3.619626522064209
757	4.301601409912109
758	3.4328250885009766
759	4.509477615356445
760	5.401762008666992
761	3.7244718074798584
762	3.248011589050293
763	5.170881271362305
764	3.4965415000915527
765	5.131089687347412
766	3.097893476486206
767	3.3774971961975098
768	3.3747100830078125
769	3.7022876739501953
770	3.2331249713897705
771	3.250929832458496
772	3.3711750507354736
773	3.0888984203338623
774	3.2933173179626465
775	3.42472767829895
776	3.0996289253234863
777	3.247673511505127
778	3.3528199195861816
779	3.120779514312744
780	3.184170722961426
781	3.6783294677734375
782	3.289551019668579
783	3.494532346725464
784	3.364933729171753
785	3.3577260971069336
786	3.5217652320861816
787	3.6840012073516846
788	4.877007007598877
789	4.797998428344727
790	4.376498699188232
791	4.450585842132568
792	3.839028835296631
793	3.0360195636749268
794	3.1050939559936523
795	3.183408737182617
796	3.2542808055877686
797	3.3968586921691895
798	3.323383331298828
799	3.182939291000366
800	3.225886821746826
801	3.3507113456726074
802	3.2637314796447754
803	3.283792495727539
804	3.3382463455200195
805	3.200604200363159
806	3.3660638332366943
807	3.0490078926086426
808	3.0093703269958496
809	3.367835521697998
810	3.8161873817443848
811	3.7865376472473145
812	3.1254701614379883
813	3.2737903594970703
814	4.52543830871582
815	5.123848915100098
816	5.112074375152588
817	3.440697193145752
818	3.4440975189208984
819	3.1498658657073975
820	3.2320241928100586
821	3.621034622192383
822	3.2653019428253174
823	4.982227802276611
824	4.864284992218018
825	4.686985492706299
826	4.854690074920654
827	5.274888038635254
828	5.174504280090332
829	4.753293514251709
830	4.0735344886779785
831	4.811124324798584
832	4.793572425842285
833	5.010423183441162
834	5.193239688873291
835	4.599789142608643
836	3.8607280254364014
837	3.4742774963378906
838	3.3498666286468506
839	3.387706995010376
840	3.5472254753112793
841	3.05606746673584
842	3.089949131011963
843	3.2336511611938477
844	3.189364194869995
845	3.1930806636810303
846	3.4047045707702637
847	3.4098727703094482
848	3.287998914718628
849	3.2410480976104736
850	3.2285513877868652
851	3.1954774856567383
852	5.354288578033447
853	5.069398880004883
854	5.460084438323975
855	4.66230583190918
856	5.036571502685547
857	4.5589189529418945
858	4.7721991539001465
859	5.121570110321045
860	3.3546273708343506
861	3.2241578102111816
862	3.345341920852661
863	3.255176544189453
864	3.1822352409362793
865	3.2438578605651855
866	3.2636005878448486
867	3.3616816997528076
868	3.5377323627471924
869	3.1702170372009277
870	3.3348042964935303
871	3.3051083087921143
872	3.4092302322387695
873	3.457836151123047
874	3.3963851928710938
875	3.807135820388794
876	3.5504026412963867
877	3.29837703704834
878	3.6519839763641357
879	3.4860117435455322
880	3.2253167629241943
881	3.222862958908081
882	3.5256597995758057
883	3.3951776027679443
884	3.2311456203460693
885	3.5366275310516357
886	3.3166794776916504
887	5.398911952972412
888	4.844278335571289
889	5.276791095733643
890	4.306014537811279
891	3.3497114181518555
892	3.5534448623657227
893	3.2638332843780518
894	3.6859090328216553
895	3.750170946121216
896	5.206714153289795
897	3.5882294178009033
898	3.4300944805145264
899	3.309330463409424
900	3.2732248306274414
901	3.5050711631774902
902	3.1067636013031006
903	5.474448204040527
904	5.024311542510986
905	5.183477878570557
906	3.625335454940796
907	3.4223289489746094
908	3.3198459148406982
909	3.187941789627075
910	3.191920280456543
911	3.191617727279663
912	3.49118709564209
913	3.450598955154419
914	3.250077247619629
915	3.48510479927063
916	3.4220261573791504
917	3.365381956100464
918	3.2061469554901123
919	5.035542964935303
920	5.0180277824401855
921	4.1352925300598145
922	4.557058334350586
923	4.647988319396973
924	3.565304756164551
925	4.256582260131836
926	4.70180082321167
927	4.704201698303223
928	4.621171474456787
929	4.821868419647217
930	4.213864803314209
931	4.720883369445801
932	4.275681495666504
933	3.3056156635284424
934	4.040243625640869
935	4.833538055419922
936	4.012767314910889
937	4.178981781005859
938	4.363632678985596
939	4.655830383300781
940	4.6168365478515625
941	4.956901550292969
942	4.271115303039551
943	4.5947465896606445
944	4.764223575592041
945	5.174003601074219
946	4.555685520172119
947	4.861257076263428
948	4.70007848739624
949	4.5055928230285645
950	5.21461820602417
951	5.0023064613342285
952	5.169363975524902
953	4.818920612335205
954	6.230596542358398
955	4.3629608154296875
956	5.248479843139648
957	4.618563652038574
958	4.806522369384766
959	4.716278076171875
960	4.565622806549072
961	4.680988788604736
962	4.671198844909668
963	4.486527919769287
964	4.22512674331665
965	4.657027721405029
966	4.511720180511475
967	4.199074745178223
968	4.676000118255615
969	3.486077308654785
970	4.756120204925537
971	4.836808204650879
972	4.346202373504639
973	4.326276779174805
974	3.2123255729675293
975	4.167653560638428
976	4.119780540466309
977	4.364054203033447
978	3.410961866378784
979	3.5504348278045654
980	3.3869810104370117
981	3.507171154022217
982	3.4267921447753906
983	3.3519363403320312
984	3.2358298301696777
985	3.305882692337036
986	3.2741546630859375
987	3.6793906688690186
988	3.380499839782715
989	3.2733099460601807
990	3.5977253913879395
991	3.7813591957092285
992	3.4236397743225098
993	3.23992657661438
994	3.5631542205810547
995	3.1902883052825928
996	3.1561498641967773
997	3.3181161880493164
998	3.419776678085327
999	3.442183256149292
1000	3.32202410697937
1001	3.285240888595581
1002	3.3184597492218018
1003	3.541562557220459
1004	3.3456156253814697
1005	3.3232808113098145
1006	3.235318660736084
1007	3.180633544921875
1008	3.3935868740081787
1009	3.401334285736084
1010	4.383646488189697
1011	4.0993475914001465
1012	3.675727128982544
1013	4.215007305145264
1014	4.077575206756592
1015	4.103579521179199
1016	4.09550142288208
1017	4.355561256408691
1018	3.2729620933532715
1019	3.4823429584503174
1020	3.0883536338806152
1021	3.0820975303649902
1022	3.5499086380004883
1023	3.3083548545837402
1024	3.3028881549835205
1025	3.2778284549713135
1026	3.1968955993652344
1027	3.252037525177002
1028	3.4271974563598633
1029	3.282548427581787
1030	3.3400704860687256
1031	3.508291006088257
1032	3.6480495929718018
1033	3.335312604904175
1034	3.3302736282348633
1035	3.5968921184539795
1036	3.4100747108459473
1037	3.271254062652588
1038	3.412039041519165
1039	3.202150821685791
1040	3.427807331085205
1041	4.5325751304626465
1042	3.7096705436706543
1043	3.5475950241088867
1044	3.4165797233581543
1045	3.1581132411956787
1046	3.170914649963379
1047	3.4253251552581787
1048	3.3793957233428955
1049	3.362105369567871
1050	4.565410137176514
1051	5.343620777130127
1052	5.470738887786865
1053	4.621184349060059
1054	3.496913194656372
1055	4.735237121582031
1056	5.15073299407959
1057	4.309665203094482
1058	4.469615459442139
1059	5.097601890563965
1060	4.389862537384033
1061	4.355877876281738
1062	4.573907852172852
1063	4.728428840637207
1064	4.57236909866333
1065	4.658905982971191
1066	5.307130336761475
1067	5.3079729080200195
1068	5.29456901550293
1069	5.359653949737549
1070	3.4685511589050293
1071	3.877246856689453
1072	3.0805013179779053
1073	3.1787917613983154
1074	3.1476314067840576
1075	3.4411065578460693
1076	3.2333521842956543
1077	3.1695902347564697
1078	3.2532944679260254
1079	5.111591339111328
1080	4.841421127319336
1081	5.0439324378967285
1082	5.317009449005127
1083	3.512174129486084
1084	3.434407949447632
1085	3.2620840072631836
1086	3.357206344604492
1087	3.4303643703460693
1088	3.4662699699401855
1089	3.287529230117798
1090	3.0291526317596436
1091	3.2443597316741943
1092	3.4397776126861572
1093	3.2073540687561035
1094	3.2921500205993652
1095	3.531245470046997
1096	3.625532627105713
1097	3.137174367904663
1098	3.197364091873169
1099	3.2719945907592773
1100	3.336144208908081
1101	3.0604496002197266
1102	3.414449691772461
1103	3.416104555130005
1104	3.506740093231201
1105	3.4845025539398193
1106	3.434183120727539
1107	3.4043028354644775
1108	3.4475743770599365
1109	3.2686378955841064
1110	3.429670572280884
1111	3.18045711517334
1112	3.489384651184082
1113	3.400207281112671
1114	3.516064405441284
1115	3.0696816444396973
1116	3.5407049655914307
1117	3.368529796600342
1118	3.6269919872283936
1119	3.461965322494507
1120	3.332646369934082
1121	3.5055763721466064
1122	3.2578775882720947
1123	3.8904123306274414
1124	3.3803346157073975
1125	3.4735333919525146
1126	3.2473068237304688
1127	3.651268720626831
1128	3.1466176509857178
1129	3.5183820724487305
1130	3.539538860321045
1131	3.275498151779175
1132	4.311742305755615
1133	3.175569772720337
1134	3.0036256313323975
1135	3.3294007778167725
1136	3.382493257522583
1137	3.319044828414917
1138	3.4776804447174072
1139	3.4712579250335693
1140	3.3931593894958496
1141	3.812713861465454
1142	4.576915740966797
1143	4.164986610412598
1144	3.136408567428589
1145	3.6991522312164307
1146	3.30771803855896
1147	3.15850567817688
1148	2.691755771636963
1149	3.8690829277038574
1150	3.225508689880371
1151	4.2154860496521
1152	3.764617919921875
1153	3.7270591259002686
1154	4.318957328796387
1155	4.543145656585693
1156	3.466527223587036
1157	3.3354265689849854
1158	4.082918167114258
1159	3.67562198638916
1160	3.7477505207061768
1161	3.323894500732422
1162	3.5424771308898926
1163	3.3667402267456055
1164	4.170526027679443
1165	2.7873008251190186
1166	3.760436534881592
1167	3.603994607925415
1168	2.965259075164795
1169	3.1147611141204834
1170	3.7925102710723877
1171	3.2383577823638916
1172	3.2934999465942383
1173	4.556253433227539
1174	4.743311882019043
1175	4.17374849319458
1176	4.214599609375
1177	3.91072940826416
1178	3.2843191623687744
1179	3.0397210121154785
1180	3.334444046020508
1181	3.5486481189727783
1182	3.9255058765411377
1183	3.8928000926971436
1184	3.5653579235076904
1185	3.9523868560791016
1186	3.6736438274383545
1187	3.374671697616577
1188	3.3265955448150635
1189	3.8150107860565186
1190	4.314185619354248
1191	3.7717864513397217
1192	4.328846454620361
1193	3.2869908809661865
1194	3.9099836349487305
1195	3.83227276802063
1196	4.421652317047119
1197	3.6744565963745117
1198	4.042691230773926
1199	3.6601860523223877
1200	3.8216230869293213
1201	4.55996036529541
1202	4.889002799987793
1203	5.751565456390381
1204	6.0486273765563965
1205	5.537929058074951
1206	6.0310893058776855
1207	5.896002292633057
1208	6.376368522644043
1209	6.432019233703613
1210	6.382308483123779
1211	3.7647690773010254
1212	6.083344459533691
1213	5.83356237411499
1214	5.580352783203125
1215	6.769613742828369
1216	3.7851717472076416
1217	4.042382717132568
1218	3.91213321685791
1219	5.225581645965576
1220	5.676342964172363
1221	7.3744282722473145
1222	7.472756862640381
1223	8.37710952758789
1224	6.485410213470459
1225	7.170534610748291
1226	5.297839164733887
1227	5.120796203613281
1228	5.018253803253174
1229	5.546705722808838
1230	6.3763957023620605
1231	6.6892499923706055
1232	6.729086399078369
1233	4.559903621673584
1234	5.879615783691406
1235	6.248878479003906
1236	6.622724533081055
1237	5.055799961090088
1238	4.231079578399658
1239	6.003087997436523
1240	5.556554794311523
1241	6.174236297607422
1242	5.959651470184326
1243	7.229886531829834
1244	5.941020488739014
1245	5.595093727111816
1246	5.3302903175354
1247	3.6083264350891113
1248	5.454592227935791
1249	4.0698771476745605
1250	3.912997007369995
1251	4.890778064727783
1252	5.169400215148926
1253	4.891845226287842
1254	5.019833564758301
1255	4.335607051849365
1256	4.653751373291016
1257	4.432819843292236
1258	4.354287147521973
1259	5.622962474822998
1260	4.500260353088379
1261	4.909162521362305
1262	5.457919120788574
1263	4.952693939208984
1264	4.875771999359131
1265	4.983029365539551
1266	4.830704212188721
1267	6.533576011657715
1268	5.923842430114746
1269	5.797124862670898
1270	5.833037376403809
1271	5.329097747802734
1272	7.1194682121276855
1273	6.42552375793457
1274	5.966220378875732
1275	4.500251770019531
1276	6.911309242248535
1277	5.11920166015625
1278	4.374965667724609
1279	5.09528112411499
1280	6.4540886878967285
1281	5.351932525634766
1282	3.5118913650512695
1283	4.973382949829102
1284	4.909339904785156
1285	5.580310344696045
1286	7.137415885925293
1287	6.662967205047607
1288	6.89536190032959
1289	6.2157087326049805
1290	7.645590782165527
1291	7.510959625244141
1292	7.496164798736572
1293	7.309990406036377
1294	7.883552074432373
1295	6.64547061920166
1296	6.470805644989014
1297	5.804788112640381
1298	6.290113925933838
1299	5.584029674530029
1300	7.225566387176514
1301	6.926694393157959
1302	7.45305061340332
1303	8.778817176818848
1304	8.340301513671875
1305	9.580242156982422
1306	8.14622974395752
1307	7.824575424194336
1308	9.354035377502441
1309	7.100218772888184
1310	8.173944473266602
1311	8.879656791687012
1312	10.235965728759766
1313	11.536575317382812
1314	11.020914077758789
1315	10.566765785217285
1316	9.83000373840332
1317	9.147940635681152
1318	7.3029584884643555
1319	7.9618425369262695
1320	8.679443359375
1321	8.032423973083496
1322	7.736843109130859
1323	7.74418306350708
1324	6.769538402557373
1325	8.075828552246094
1326	7.947341442108154
1327	8.756692886352539
1328	8.20356273651123
1329	8.207013130187988
1330	6.936211109161377
1331	7.84346866607666
1332	8.297050476074219
1333	7.212687015533447
1334	8.395879745483398
1335	9.063847541809082
1336	9.052620887756348
1337	8.974661827087402
1338	8.928680419921875
1339	10.036258697509766
1340	8.970011711120605
1341	7.757115364074707
1342	11.013501167297363
1343	10.80115032196045
1344	10.771984100341797
1345	10.390205383300781
1346	10.824828147888184
1347	11.121245384216309
1348	10.986289978027344
1349	12.018749237060547
1350	12.653393745422363
1351	11.4866361618042
1352	8.951059341430664
1353	10.21447467803955
1354	9.951916694641113
1355	11.084918975830078
1356	11.977303504943848
1357	9.819782257080078
1358	11.863197326660156
1359	11.120818138122559
1360	8.138322830200195
1361	8.810694694519043
1362	8.414952278137207
1363	7.896783351898193
1364	8.067914962768555
1365	8.116023063659668
1366	7.980691909790039
1367	9.088174819946289
1368	8.400029182434082
1369	8.646623611450195
1370	6.397420406341553
1371	6.913018703460693
1372	7.057908058166504
1373	8.50687026977539
1374	8.038768768310547
1375	7.3090500831604
1376	7.758380889892578
1377	7.99199104309082
1378	8.512456893920898
1379	8.70854663848877
1380	7.593818664550781
1381	7.870326042175293
1382	8.076257705688477
1383	6.776780128479004
1384	7.097580432891846
1385	7.729321002960205
1386	9.280915260314941
1387	6.817875862121582
1388	6.844668865203857
1389	7.350593090057373
1390	6.818331241607666
1391	7.538220405578613
1392	8.86181354522705
1393	8.126049995422363
1394	7.938470363616943
1395	8.191110610961914
1396	8.234870910644531
1397	8.7627534866333
1398	9.608020782470703
1399	8.24596881866455
1400	6.784684181213379
1401	6.465816974639893
1402	7.382894039154053
1403	7.315486907958984
1404	6.798933982849121
1405	6.879677772521973
1406	7.138106346130371
1407	5.813596725463867
1408	6.156852722167969
1409	5.930909633636475
1410	3.95274019241333
1411	4.021978378295898
1412	4.72157621383667
1413	4.469620227813721
1414	3.708845853805542
1415	4.5161919593811035
1416	4.5260009765625
1417	4.618746757507324
1418	3.5246150493621826
1419	3.337127923965454
1420	3.3576242923736572
1421	3.162358045578003
1422	3.3923840522766113
1423	3.357329845428467
1424	3.350839376449585
1425	3.5047338008880615
1426	3.249455690383911
1427	3.249110698699951
1428	3.226076602935791
1429	4.459671497344971
1430	4.903752326965332
1431	3.4713587760925293
1432	3.4443130493164062
1433	3.1888132095336914
1434	3.439055919647217
1435	3.6081318855285645
1436	3.691446304321289
1437	3.635178565979004
1438	3.6562609672546387
1439	3.2814884185791016
1440	3.341660737991333
1441	3.2176830768585205
1442	3.408892869949341
1443	3.3938400745391846
1444	3.446852207183838
1445	5.100436210632324
1446	4.9269609451293945
1447	5.03350830078125
1448	4.120363235473633
1449	4.743497848510742
1450	3.3169445991516113
1451	3.191039800643921
1452	3.251041889190674
1453	3.2644331455230713
1454	3.370144844055176
1455	3.3662896156311035
1456	3.387986898422241
1457	3.4271185398101807
1458	3.464817762374878
1459	3.47603702545166
1460	3.590280294418335
1461	3.6906538009643555
1462	3.5860519409179688
1463	3.727893590927124
1464	3.631991386413574
1465	3.470766544342041
1466	6.488757610321045
1467	3.498202323913574
1468	4.872060775756836
1469	7.9289870262146
1470	9.955544471740723
1471	9.410201072692871
1472	10.01240348815918
1473	9.703237533569336
1474	12.473169326782227
1475	10.589755058288574
1476	9.274044036865234
1477	10.153131484985352
1478	8.491609573364258
1479	6.287111282348633
1480	8.148092269897461
1481	8.649290084838867
1482	9.387351989746094
1483	10.750268936157227
1484	9.498600006103516
1485	10.480674743652344
1486	11.639869689941406
1487	12.213014602661133
1488	8.201414108276367
1489	8.969595909118652
1490	7.498340606689453
1491	8.665380477905273
1492	9.884537696838379
1493	8.768107414245605
1494	9.759909629821777
1495	9.97374439239502
1496	9.849215507507324
1497	12.573324203491211
1498	10.818038940429688
1499	9.518745422363281
1500	10.00766658782959
1501	10.600481033325195
1502	11.573760032653809
1503	11.213785171508789
1504	10.34469985961914
1505	11.373581886291504
1506	11.094154357910156
1507	11.80661678314209
1508	11.061525344848633
1509	11.403183937072754
1510	13.481411933898926
1511	10.915728569030762
1512	10.530893325805664
1513	8.613967895507812
1514	7.793228626251221
1515	7.517667770385742
1516	6.382615089416504
1517	9.34217643737793
1518	8.171974182128906
1519	9.275992393493652
1520	10.643752098083496
1521	10.817898750305176
1522	11.179798126220703
1523	9.621269226074219
1524	8.91251277923584
1525	9.079605102539062
1526	8.728989601135254
1527	9.12444019317627
1528	7.799148082733154
1529	8.87299919128418
1530	9.200165748596191
1531	8.319610595703125
1532	8.440664291381836
1533	10.25737190246582
1534	9.453746795654297
1535	9.726508140563965
1536	10.853466033935547
1537	11.590822219848633
1538	10.32504940032959
1539	9.874786376953125
1540	9.402741432189941
1541	7.812381744384766
1542	9.480236053466797
1543	12.22162914276123
1544	9.979782104492188
1545	9.09421157836914
1546	8.943357467651367
1547	6.5584564208984375
1548	6.950514793395996
1549	10.584798812866211
1550	8.02401351928711
1551	7.037024021148682
1552	7.155274391174316
1553	9.018411636352539
1554	7.072160243988037
1555	8.221325874328613
1556	7.545063495635986
1557	8.76042366027832
1558	9.233757019042969
1559	10.428479194641113
1560	9.733702659606934
1561	7.839648246765137
1562	9.111957550048828
1563	10.571727752685547
1564	9.483135223388672
1565	8.861494064331055
1566	9.62801742553711
1567	8.523520469665527
1568	9.148876190185547
1569	9.871546745300293
1570	8.34573745727539
1571	8.179306983947754
1572	8.344038009643555
1573	9.070414543151855
1574	10.352851867675781
1575	10.398994445800781
1576	9.272086143493652
1577	9.526106834411621
1578	8.478350639343262
1579	9.471972465515137
1580	7.657965660095215
1581	7.671794891357422
1582	10.207018852233887
1583	9.08117961883545
1584	9.244490623474121
1585	12.678620338439941
1586	13.973456382751465
1587	13.404109954833984
1588	14.110615730285645
1589	13.153165817260742
1590	13.172035217285156
1591	11.228912353515625
1592	12.054235458374023
1593	16.10015106201172
1594	15.032136917114258
1595	13.533740043640137
1596	11.808924674987793
1597	15.127754211425781
1598	11.266275405883789
1599	11.43739128112793
1600	12.09642219543457
1601	10.222566604614258
1602	13.270085334777832
1603	10.475859642028809
1604	11.170708656311035
1605	11.099365234375
1606	7.487943172454834
1607	7.063249588012695
1608	8.820212364196777
1609	6.35768461227417
1610	7.547020435333252
1611	10.840246200561523
1612	8.049646377563477
1613	8.311779022216797
1614	10.581295013427734
1615	10.234533309936523
1616	11.724590301513672
1617	12.168949127197266
1618	11.325443267822266
1619	10.888459205627441
1620	10.929591178894043
1621	11.03808307647705
1622	11.570980072021484
1623	9.947896957397461
1624	10.929100036621094
1625	13.229731559753418
1626	11.46539306640625
1627	11.541563987731934
1628	11.470888137817383
1629	9.210453987121582
1630	9.330676078796387
1631	6.864976406097412
1632	9.222880363464355
1633	12.125897407531738
1634	8.327123641967773
1635	8.783205032348633
1636	11.014363288879395
1637	10.343242645263672
1638	7.114230632781982
1639	9.375200271606445
1640	12.54382038116455
1641	11.296003341674805
1642	12.579785346984863
1643	8.350892066955566
1644	6.367184638977051
1645	7.942536354064941
1646	6.107564449310303
1647	5.391584873199463
1648	5.655813694000244
1649	5.704714298248291
1650	5.460445880889893
1651	5.300601959228516
1652	5.616299629211426
1653	6.943796634674072
1654	6.392639636993408
1655	7.641609191894531
1656	7.163383960723877
1657	7.927849292755127
1658	6.38380765914917
1659	5.224571228027344
1660	4.678406715393066
1661	4.499276161193848
1662	6.129501819610596
1663	7.815715312957764
1664	6.881569862365723
1665	7.13989782333374
1666	6.895968437194824
1667	7.428065776824951
1668	7.953510284423828
1669	5.37657356262207
1670	7.07374906539917
1671	6.927772521972656
1672	7.04194450378418
1673	8.986534118652344
1674	7.594760417938232
1675	7.526954174041748
1676	7.10072135925293
1677	7.307216644287109
1678	9.792620658874512
1679	10.621702194213867
1680	11.10737133026123
1681	10.67813491821289
1682	11.590750694274902
1683	14.223095893859863
1684	11.274599075317383
1685	9.69566822052002
1686	9.405930519104004
1687	9.12370777130127
1688	7.6897873878479
1689	7.883937358856201
1690	7.664043426513672
1691	8.953843116760254
1692	8.648229598999023
1693	6.672876834869385
1694	6.629969120025635
1695	5.54750394821167
1696	5.437311172485352
1697	6.313755512237549
1698	6.155088901519775
1699	6.224926948547363
1700	7.354365348815918
1701	9.383108139038086
1702	8.726753234863281
1703	7.564763069152832
1704	7.244090557098389
1705	8.68628978729248
1706	7.482125759124756
1707	8.12705135345459
1708	8.380228042602539
1709	8.31861686706543
1710	8.371358871459961
1711	8.01561164855957
1712	8.124080657958984
1713	8.092684745788574
1714	7.942383289337158
1715	9.586028099060059
1716	6.769883632659912
1717	7.977570533752441
1718	8.642786979675293
1719	8.100507736206055
1720	7.416808128356934
1721	7.965236663818359
1722	8.38924503326416
1723	9.082212448120117
1724	7.00675106048584
1725	7.224369049072266
1726	7.635612964630127
1727	7.085671901702881
1728	7.524603366851807
1729	8.817524909973145
1730	8.28451919555664
1731	8.049132347106934
1732	9.15082836151123
1733	7.633327484130859
1734	7.927929878234863
1735	7.599613189697266
1736	8.419425964355469
1737	8.494251251220703
1738	7.810434341430664
1739	8.204405784606934
1740	8.10622787475586
1741	8.619549751281738
1742	8.12747573852539
1743	7.247509479522705
1744	8.352370262145996
1745	7.234888076782227
1746	10.406791687011719
1747	8.768998146057129
1748	9.57082748413086
1749	8.571274757385254
1750	8.219112396240234
1751	7.382066249847412
1752	7.668110370635986
1753	8.241218566894531
1754	8.08759593963623
1755	8.261940002441406
1756	7.715358257293701
1757	9.553415298461914
1758	7.298832416534424
1759	8.061883926391602
1760	8.657037734985352
1761	8.045958518981934
1762	7.299180507659912
1763	7.276988983154297
1764	8.118746757507324
1765	7.473776817321777
1766	7.416384220123291
1767	7.8500566482543945
1768	7.0444560050964355
1769	7.044528961181641
1770	8.322854042053223
1771	8.815369606018066
1772	11.792008399963379
1773	10.040855407714844
1774	9.63216781616211
1775	12.828681945800781
1776	11.172050476074219
1777	10.984282493591309
1778	9.81611442565918
1779	9.596092224121094
1780	12.923869132995605
1781	11.95271110534668
1782	9.881318092346191
1783	11.272074699401855
1784	8.282270431518555
1785	8.008317947387695
1786	7.615523338317871
1787	7.015269756317139
1788	7.465688705444336
1789	6.552718639373779
1790	6.97324800491333
1791	7.394645690917969
1792	8.69477367401123
1793	10.30056381225586
1794	8.839653015136719
1795	9.252405166625977
1796	7.40036678314209
1797	8.677594184875488
1798	8.327309608459473
1799	6.57167911529541
1800	7.228030204772949
1801	7.6505351066589355
1802	7.154583930969238
1803	9.42189884185791
1804	6.534688949584961
1805	6.683669567108154
1806	6.774061679840088
1807	7.009014129638672
1808	8.025582313537598
1809	8.738178253173828
1810	9.659892082214355
1811	9.701133728027344
1812	9.364248275756836
1813	8.739624977111816
1814	7.832005023956299
1815	7.7032694816589355
1816	8.577274322509766
1817	10.076830863952637
1818	10.389126777648926
1819	10.117541313171387
1820	9.313783645629883
1821	8.456637382507324
1822	8.978941917419434
1823	8.74536418914795
1824	9.828051567077637
1825	9.348897933959961
1826	8.827203750610352
1827	8.163424491882324
1828	10.0895357131958
1829	8.406999588012695
1830	10.043962478637695
1831	11.469908714294434
1832	10.494636535644531
1833	9.013776779174805
1834	10.111896514892578
1835	10.226378440856934
1836	12.336525917053223
1837	11.821346282958984
1838	12.45962905883789
1839	12.482980728149414
1840	11.020231246948242
1841	9.409282684326172
1842	7.358845233917236
1843	9.186905860900879
1844	10.236137390136719
1845	10.663389205932617
1846	11.216312408447266
1847	11.393715858459473
1848	9.840449333190918
1849	9.53096866607666
1850	8.018327713012695
1851	7.950246334075928
1852	8.281669616699219
1853	8.42056655883789
1854	10.0157470703125
1855	9.59508991241455
1856	9.89806842803955
1857	9.44042682647705
1858	8.90872859954834
1859	10.832846641540527
1860	10.886178016662598
1861	11.806609153747559
1862	11.082660675048828
1863	9.364130973815918
1864	12.188755989074707
1865	11.631660461425781
1866	13.324995040893555
1867	10.96628475189209
1868	11.647708892822266
1869	10.090047836303711
1870	10.467535018920898
1871	11.249614715576172
1872	12.717994689941406
1873	10.282466888427734
1874	11.238251686096191
1875	11.07286262512207
1876	10.072328567504883
1877	12.396710395812988
1878	11.78113842010498
1879	11.724966049194336
1880	12.211840629577637
1881	10.19334888458252
1882	11.50452709197998
1883	10.452878952026367
1884	11.813775062561035
1885	11.127561569213867
1886	10.969078063964844
1887	9.883257865905762
1888	12.0518798828125
1889	11.226909637451172
1890	9.813000679016113
1891	10.465505599975586
1892	11.66366195678711
1893	11.134445190429688
1894	11.574518203735352
1895	11.402443885803223
1896	11.007600784301758
1897	10.56239128112793
1898	8.32567310333252
1899	9.620528221130371
1900	9.327835083007812
1901	8.34852409362793
1902	7.821455955505371
1903	8.731318473815918
1904	8.669510841369629
1905	11.4581880569458
1906	11.126557350158691
1907	11.362802505493164
1908	11.422904014587402
1909	9.867278099060059
1910	8.835906028747559
1911	10.630614280700684
1912	8.886149406433105
1913	8.732950210571289
1914	13.504984855651855
1915	11.926003456115723
1916	11.267845153808594
1917	8.81568717956543
1918	9.931022644042969
1919	8.541682243347168
1920	10.392416954040527
1921	9.44371223449707
1922	11.833172798156738
1923	10.567808151245117
1924	10.862870216369629
1925	11.655830383300781
1926	12.183218002319336
1927	9.45264720916748
1928	9.585598945617676
1929	9.79853630065918
1930	10.49771785736084
1931	10.217891693115234
1932	9.343181610107422
1933	10.221464157104492
1934	10.144994735717773
1935	9.478659629821777
1936	10.802619934082031
1937	9.944225311279297
1938	10.677997589111328
1939	8.694125175476074
1940	10.584297180175781
1941	11.491406440734863
1942	11.289525032043457
1943	11.176213264465332
1944	11.097841262817383
1945	12.780206680297852
1946	12.349991798400879
1947	11.54720687866211
1948	12.721665382385254
1949	8.828372955322266
1950	9.520315170288086
1951	10.336945533752441
1952	10.539841651916504
1953	12.276762962341309
1954	10.191717147827148
1955	9.71738052368164
1956	11.817488670349121
1957	8.576469421386719
1958	11.554924964904785
1959	10.855192184448242
1960	7.522497177124023
1961	7.852818012237549
1962	8.436079978942871
1963	8.667329788208008
1964	7.9124603271484375
1965	6.719233512878418
1966	8.09190845489502
1967	8.417423248291016
1968	7.586989879608154
1969	8.442532539367676
1970	8.189480781555176
1971	8.269396781921387
1972	7.830718040466309
1973	8.759331703186035
1974	8.7739896774292
1975	8.792322158813477
1976	8.361787796020508
1977	8.381235122680664
1978	7.355340957641602
1979	8.661811828613281
1980	8.21690845489502
1981	8.690752029418945
1982	7.788305282592773
1983	8.657621383666992
1984	7.826995372772217
1985	8.96098804473877
1986	8.417875289916992
1987	7.447867393493652
1988	8.231562614440918
1989	8.589133262634277
1990	8.253129005432129
1991	8.609055519104004
1992	9.243821144104004
1993	6.9437737464904785
1994	8.054965019226074
1995	7.767949104309082
1996	8.513458251953125
1997	8.174718856811523
1998	8.835257530212402
1999	7.202401638031006
2000	8.983477592468262
2001	7.406240940093994
2002	7.958784103393555
2003	8.006434440612793
2004	7.918238162994385
2005	8.978209495544434
2006	8.021193504333496
2007	8.190082550048828
2008	7.669746398925781
2009	8.856316566467285
2010	8.766904830932617
2011	8.820343017578125
2012	8.71430492401123
2013	8.85690975189209
2014	7.398018836975098
2015	8.903100967407227
2016	9.291462898254395
2017	6.987933158874512
2018	7.805655002593994
2019	7.392249584197998
2020	7.000660419464111
2021	8.433554649353027
2022	8.315638542175293
2023	8.609442710876465
2024	8.137248039245605
2025	9.368768692016602
2026	8.398760795593262
2027	8.75706958770752
2028	8.675191879272461
2029	8.154666900634766
2030	8.569482803344727
2031	7.732006549835205
2032	7.397063255310059
2033	8.169111251831055
2034	7.694911003112793
2035	7.438607692718506
2036	7.564144134521484
2037	8.996185302734375
2038	8.317373275756836
2039	9.139233589172363
2040	8.097434043884277
2041	7.5442047119140625
2042	9.029644966125488
2043	7.7369303703308105
2044	7.609739780426025
2045	8.315841674804688
2046	7.904065132141113
2047	9.166714668273926
2048	7.6786909103393555
2049	8.06551742553711
2050	7.7873430252075195
2051	8.428668022155762
2052	7.13484525680542
2053	7.429647445678711
2054	8.054373741149902
2055	7.937641620635986
2056	6.916065216064453
2057	8.660293579101562
2058	7.779720306396484
2059	9.494047164916992
2060	8.536918640136719
2061	7.740610599517822
2062	8.562055587768555
2063	8.327813148498535
2064	7.830712795257568
2065	8.605838775634766
2066	10.715898513793945
2067	11.235591888427734
2068	8.766777038574219
2069	10.118841171264648
2070	10.542436599731445
2071	8.4609375
2072	6.776210784912109
2073	9.030245780944824
2074	8.167817115783691
2075	6.8703765869140625
2076	6.2648820877075195
2077	6.546830654144287
2078	7.586180210113525
2079	8.440531730651855
2080	8.007186889648438
2081	8.824263572692871
2082	8.43416690826416
2083	6.4418044090271
2084	7.173535346984863
2085	6.274233341217041
2086	5.979434490203857
2087	7.0779290199279785
2088	6.72070837020874
2089	6.949533939361572
2090	7.060001850128174
2091	7.541322708129883
2092	6.759562015533447
2093	7.306490898132324
2094	6.347875118255615
2095	7.699561595916748
2096	6.493710517883301
2097	6.716034412384033
2098	7.1506123542785645
2099	7.440304279327393
2100	6.939403533935547
2101	7.260500907897949
2102	7.237520694732666
2103	5.673839092254639
2104	6.725734233856201
2105	6.7468976974487305
2106	6.6850810050964355
2107	8.011031150817871
2108	7.98957633972168
2109	7.4818315505981445
2110	7.848590850830078
2111	7.365373134613037
2112	6.542389392852783
2113	6.7114691734313965
2114	7.457019329071045
2115	6.212946891784668
2116	6.321715354919434
2117	6.363048076629639
2118	7.468882083892822
2119	8.006819725036621
2120	6.321932792663574
2121	6.690353870391846
2122	7.464367389678955
2123	6.762538909912109
2124	6.292179107666016
2125	7.9724273681640625
2126	6.997096061706543
2127	7.0809831619262695
2128	7.716883182525635
2129	6.136273384094238
2130	6.933383464813232
2131	6.127050399780273
2132	7.580434322357178
2133	6.299328804016113
2134	5.598068714141846
2135	6.879993438720703
2136	6.182227611541748
2137	6.302358627319336
2138	7.449352264404297
2139	6.548442363739014
2140	6.574004173278809
2141	6.6589674949646
2142	5.764805793762207
2143	6.073699474334717
2144	6.007870674133301
2145	6.861109733581543
2146	6.112682342529297
2147	5.95920467376709
2148	6.214319705963135
2149	6.047609329223633
2150	6.379146575927734
2151	6.7809062004089355
2152	6.263029098510742
2153	6.653597831726074
2154	6.70255184173584
2155	6.799664497375488
2156	5.592530250549316
2157	5.828502655029297
2158	6.343496322631836
2159	7.328696250915527
2160	6.8997344970703125
2161	7.454841613769531
2162	6.52634334564209
2163	7.3168230056762695
2164	6.9448561668396
2165	6.515227317810059
2166	7.125045299530029
2167	7.000866413116455
2168	6.705395698547363
2169	6.276042938232422
2170	7.435484886169434
2171	6.345391273498535
2172	6.119208812713623
2173	6.723742961883545
2174	7.041384220123291
2175	6.918585777282715
2176	6.397177219390869
2177	6.87218713760376
2178	6.705392837524414
2179	6.711246490478516
2180	6.004971504211426
2181	7.141787052154541
2182	7.370796203613281
2183	6.898904800415039
2184	6.501110076904297
2185	6.603811264038086
2186	6.546133518218994
2187	6.468509674072266
2188	6.3063273429870605
2189	7.305405616760254
2190	6.57390832901001
2191	4.981700420379639
2192	7.762133598327637
2193	7.5995988845825195
2194	7.304543495178223
2195	8.400575637817383
2196	6.819530487060547
2197	6.657771587371826
2198	6.912018775939941
2199	6.270706653594971
2200	6.711053848266602
2201	7.0419020652771
2202	7.5355305671691895
2203	7.314370632171631
2204	6.973849296569824
2205	6.389946937561035
2206	6.103572845458984
2207	5.8693342208862305
2208	5.624670028686523
2209	6.052764415740967
2210	5.616654396057129
2211	5.782069683074951
2212	5.437634468078613
2213	6.304194450378418
2214	6.157684803009033
2215	6.562082767486572
2216	6.183443546295166
2217	7.37777042388916
2218	6.11944055557251
2219	6.544218063354492
2220	5.302392959594727
2221	6.111828804016113
2222	5.611418724060059
2223	6.017014980316162
2224	5.352803707122803
2225	5.354466438293457
2226	5.768601417541504
2227	5.301821708679199
2228	5.221007823944092
2229	5.2944488525390625
2230	5.817357063293457
2231	5.091372489929199
2232	5.310802936553955
2233	3.8735764026641846
2234	5.524959564208984
2235	5.055265426635742
2236	5.387083530426025
2237	4.98530387878418
2238	5.054568290710449
2239	5.928403854370117
2240	5.79293155670166
2241	5.052955627441406
2242	5.559715270996094
2243	4.97310733795166
2244	5.882879734039307
2245	5.940427303314209
2246	5.663076400756836
2247	5.835234642028809
2248	4.447604179382324
2249	4.587813854217529
2250	6.219105243682861
2251	5.52031946182251
2252	4.488901615142822
2253	5.941285610198975
2254	5.178465843200684
2255	4.681750297546387
2256	4.100470066070557
2257	4.7757344245910645
2258	5.871317386627197
2259	6.377410888671875
2260	6.140085220336914
2261	7.359233379364014
2262	9.152774810791016
2263	8.985244750976562
2264	8.686222076416016
2265	8.92573070526123
2266	8.781362533569336
2267	8.674203872680664
2268	8.18241024017334
2269	8.608039855957031
2270	9.251958847045898
2271	9.875288963317871
2272	10.34928035736084
2273	10.290964126586914
2274	9.455737113952637
2275	9.257744789123535
2276	10.656744003295898
2277	11.42087173461914
2278	10.883258819580078
2279	11.237730026245117
2280	10.447867393493652
2281	8.673075675964355
2282	8.280213356018066
2283	9.359989166259766
2284	8.61303424835205
2285	8.89818000793457
2286	9.989030838012695
2287	10.422121047973633
2288	9.174455642700195
2289	9.484321594238281
2290	10.522514343261719
2291	9.460956573486328
2292	9.788372993469238
2293	10.592628479003906
2294	10.304463386535645
2295	10.423979759216309
2296	11.050273895263672
2297	9.945241928100586
2298	10.905022621154785
2299	11.147128105163574
2300	9.584070205688477
2301	10.708227157592773
2302	11.810467720031738
2303	11.346725463867188
2304	12.289255142211914
2305	12.81586742401123
2306	12.033495903015137
2307	13.373032569885254
2308	10.334821701049805
2309	10.380975723266602
2310	10.700443267822266
2311	9.0221586227417
2312	9.690267562866211
2313	10.928752899169922
2314	12.867842674255371
2315	13.236696243286133
2316	15.006613731384277
2317	14.6175537109375
2318	12.791168212890625
2319	13.115293502807617
2320	12.92458438873291
2321	11.875032424926758
2322	10.696478843688965
2323	10.016146659851074
2324	9.958333969116211
2325	9.729348182678223
2326	15.385991096496582
2327	12.650216102600098
2328	14.372186660766602
2329	12.305696487426758
2330	13.41877555847168
2331	15.145491600036621
2332	15.119365692138672
2333	15.388238906860352
2334	14.628167152404785
2335	16.272878646850586
2336	14.5906982421875
2337	15.064688682556152
2338	15.311893463134766
2339	16.956008911132812
2340	14.998751640319824
2341	13.452309608459473
2342	11.305695533752441
2343	8.94259262084961
2344	8.147171020507812
2345	7.8787455558776855
2346	7.248734474182129
2347	7.566584587097168
2348	6.197461128234863
2349	8.341399192810059
2350	8.949088096618652
2351	7.05586576461792
2352	6.035750389099121
2353	7.460702896118164
2354	6.889594554901123
2355	6.631789207458496
2356	6.38749361038208
2357	7.715376853942871
2358	6.291538715362549
2359	8.052257537841797
2360	9.200261116027832
2361	8.791321754455566
2362	10.60125732421875
2363	9.603738784790039
2364	8.981764793395996
2365	10.207596778869629
2366	10.59094524383545
2367	10.467387199401855
2368	13.023566246032715
2369	11.79077434539795
2370	10.141709327697754
2371	9.999852180480957
2372	8.837632179260254
2373	7.547067165374756
2374	6.806785583496094
2375	7.113351345062256
2376	7.112319469451904
2377	9.231592178344727
2378	8.847665786743164
2379	8.166165351867676
2380	7.480189800262451
2381	6.617900371551514
2382	6.845207691192627
2383	7.573646068572998
2384	7.475799083709717
2385	6.236473083496094
2386	6.340843677520752
2387	6.665874481201172
2388	6.8176984786987305
2389	6.381099224090576
2390	7.180785655975342
2391	6.962547302246094
2392	7.661314964294434
2393	10.30843734741211
2394	11.079184532165527
2395	11.172897338867188
2396	11.027203559875488
2397	9.770434379577637
2398	8.633934020996094
2399	8.901469230651855
2400	10.665404319763184
2401	8.003003120422363
2402	8.94266128540039
2403	9.324685096740723
2404	12.432930946350098
2405	16.073081970214844
2406	15.122058868408203
2407	16.907989501953125
2408	17.290658950805664
2409	17.0650577545166
2410	17.521194458007812
2411	16.675922393798828
2412	16.892919540405273
2413	17.29995346069336
2414	16.576828002929688
2415	18.60775375366211
2416	17.184873580932617
2417	16.571975708007812
2418	16.220684051513672
2419	13.840973854064941
2420	12.713838577270508
2421	15.346193313598633
2422	13.352105140686035
2423	11.452210426330566
2424	12.762044906616211
2425	13.240699768066406
2426	10.0418062210083
2427	9.241385459899902
2428	9.09793472290039
2429	9.472853660583496
2430	10.282417297363281
2431	9.761730194091797
2432	8.732084274291992
2433	10.322216987609863
2434	12.279762268066406
2435	13.23531723022461
2436	14.110391616821289
2437	12.323698043823242
2438	11.026847839355469
2439	11.309669494628906
2440	10.801580429077148
2441	11.457260131835938
2442	11.036773681640625
2443	13.724684715270996
2444	14.16413688659668
2445	12.436235427856445
2446	6.882671356201172
2447	5.4054718017578125
2448	8.721485137939453
2449	6.230445861816406
2450	7.217795372009277
2451	7.270831108093262
2452	6.796576499938965
2453	8.73198413848877
2454	11.409065246582031
2455	9.61485767364502
2456	8.13967227935791
2457	8.601017951965332
2458	10.055513381958008
2459	10.78317642211914
2460	11.446013450622559
2461	10.420442581176758
2462	9.234245300292969
2463	12.261873245239258
2464	11.520564079284668
2465	11.161949157714844
2466	10.919849395751953
2467	11.689220428466797
2468	9.930190086364746
2469	7.772920608520508
2470	9.859411239624023
2471	11.297163009643555
2472	9.448423385620117
2473	10.43459701538086
2474	11.913159370422363
2475	10.129279136657715
2476	10.585899353027344
2477	10.635664939880371
2478	10.239148139953613
2479	11.205512046813965
2480	10.670515060424805
2481	9.60881233215332
2482	10.512802124023438
2483	10.51449966430664
2484	9.866124153137207
2485	9.383381843566895
2486	9.360441207885742
2487	11.097879409790039
2488	11.410832405090332
2489	10.945575714111328
2490	10.659401893615723
2491	9.648259162902832
2492	9.756571769714355
2493	11.481948852539062
2494	7.895542621612549
2495	9.078764915466309
2496	7.991143703460693
2497	8.923306465148926
2498	10.639307022094727
2499	8.386914253234863
2500	10.831816673278809
2501	9.264135360717773
2502	5.824469089508057
2503	9.007988929748535
2504	8.607022285461426
2505	7.860622406005859
2506	11.939342498779297
2507	13.688555717468262
2508	11.419839859008789
2509	12.306243896484375
2510	12.75245475769043
2511	9.628418922424316
2512	9.794829368591309
2513	9.890267372131348
2514	9.965682029724121
2515	9.437402725219727
2516	10.996807098388672
2517	10.615569114685059
2518	11.686098098754883
2519	8.285672187805176
2520	3.6961357593536377
2521	7.391506671905518
2522	7.625825881958008
2523	5.6245622634887695
2524	4.956463813781738
2525	6.759943962097168
2526	7.4448628425598145
2527	6.7699689865112305
2528	9.370779037475586
2529	9.228675842285156
2530	9.495319366455078
2531	9.40577507019043
2532	8.594486236572266
2533	9.213364601135254
2534	8.818475723266602
2535	5.857311248779297
2536	7.97996711730957
2537	6.159643650054932
2538	6.9099507331848145
2539	7.662286758422852
2540	7.391998291015625
2541	6.377983570098877
2542	6.612654685974121
2543	7.117027759552002
2544	7.135656356811523
2545	6.9998250007629395
2546	7.116037368774414
2547	9.0654935836792
2548	8.85275650024414
2549	8.092985153198242
2550	6.94384765625
2551	7.529529571533203
2552	6.910569667816162
2553	7.917714595794678
2554	8.35469913482666
2555	7.47043514251709
2556	9.474771499633789
2557	9.582974433898926
2558	10.249374389648438
2559	11.202268600463867
2560	11.109267234802246
2561	11.729472160339355
2562	12.633275985717773
2563	11.552970886230469
2564	13.544740676879883
2565	12.953673362731934
2566	10.95236873626709
2567	11.393362998962402
2568	12.12771224975586
2569	10.351046562194824
2570	13.504094123840332
2571	10.161937713623047
2572	11.219048500061035
2573	11.094598770141602
2574	9.959555625915527
2575	6.764317989349365
2576	5.928832530975342
2577	7.286821365356445
2578	5.7786760330200195
2579	6.476294040679932
2580	6.800241470336914
2581	8.03078556060791
2582	5.336944103240967
2583	5.663151741027832
2584	5.81092643737793
2585	5.516031265258789
2586	7.137499809265137
2587	8.437186241149902
2588	5.644711971282959
2589	6.6937031745910645
2590	6.723020076751709
2591	6.1531805992126465
2592	5.8584675788879395
2593	6.340731143951416
2594	6.807628631591797
2595	7.848381042480469
2596	6.642183303833008
2597	8.097878456115723
2598	7.513918399810791
2599	7.684434413909912
2600	7.282181739807129
2601	7.037196159362793
2602	7.4705586433410645
2603	8.30025863647461
2604	8.372529029846191
2605	10.175797462463379
2606	6.536003112792969
2607	5.690161228179932
2608	7.18242073059082
2609	6.515981674194336
2610	6.594328880310059
2611	7.108060836791992
2612	6.204770088195801
2613	7.62333345413208
2614	6.464725494384766
2615	6.977133750915527
2616	6.444925308227539
2617	7.172091484069824
2618	6.259772777557373
2619	7.02920389175415
2620	7.174173831939697
2621	7.009331703186035
2622	6.688359260559082
2623	6.5135178565979
2624	8.26598072052002
2625	8.833415031433105
2626	7.509991645812988
2627	8.401130676269531
2628	7.618614196777344
2629	7.726379871368408
2630	11.041170120239258
2631	8.573810577392578
2632	8.050629615783691
2633	8.033430099487305
2634	7.928955554962158
2635	8.562281608581543
2636	8.666584968566895
2637	7.711474895477295
2638	7.342502117156982
2639	11.179940223693848
2640	11.299960136413574
2641	11.032920837402344
2642	8.88801383972168
2643	7.871765613555908
2644	8.599472999572754
