0 4 
1 4 
2 4 
3 3 
4 6 
5 6 
6 4 
7 3 
8 7 
9 7 
10 7 
11 6 
12 7 
13 4 
14 12 
15 6 
16 7 
17 7 
18 11 
19 5 
20 7 
21 5 
22 3 
23 5 
24 6 
25 3 
26 3 
27 5 
28 6 
29 2 
30 6 
31 7 
32 5 
33 3 
34 5 
35 3 
36 6 
37 7 
38 9 
39 8 
40 5 
41 6 
42 2 
43 4 
44 5 
45 11 
46 3 
47 2 
48 12 
49 5 
50 5 
51 9 
52 4 
53 3 
54 4 
55 9 
56 7 
57 10 
58 5 
59 4 
60 4 
61 7 
62 7 
63 8 
64 3 
65 3 
66 9 
67 10 
68 7 
69 5 
70 6 
71 5 
72 4 
73 8 
74 2 
75 2 
76 6 
77 7 
78 8 
79 5 
80 10 
81 7 
82 13 
83 6 
84 12 
85 4 
86 8 
87 6 
88 7 
89 4 
90 11 
91 6 
92 4 
93 7 
94 7 
95 7 
96 8 
97 7 
98 3 
99 8 
100 7 
101 7 
102 8 
103 2 
104 6 
105 8 
106 5 
107 4 
108 2 
109 2 
110 4 
111 0 
112 7 
113 6 
114 4 
115 10 
116 4 
117 4 
118 4 
119 2 
120 6 
121 8 
122 10 
123 4 
124 2 
125 5 
126 5 
127 9 
128 7 
129 5 
130 5 
131 3 
132 2 
133 2 
134 2 
135 9 
136 10 
137 2 
138 8 
139 6 
140 6 
141 2 
142 8 
143 4 
144 6 
145 2 
146 4 
147 8 
148 3 
149 13 
150 0 
151 9 
152 8 
153 7 
154 3 
155 6 
156 5 
157 9 
158 0 
159 8 
160 5 
161 5 
162 3 
163 8 
164 9 
165 8 
166 5 
167 7 
168 3 
169 5 
170 3 
171 3 
172 7 
173 11 
174 5 
175 3 
176 14 
177 4 
178 7 
179 11 
180 9 
181 9 
182 7 
183 9 
184 2 
185 6 
186 12 
187 5 
188 10 
189 9 
190 9 
191 8 
192 7 
193 12 
194 8 
195 7 
196 4 
197 5 
198 2 
199 2 
200 2 
201 4 
202 1 
203 5 
204 4 
205 4 
206 3 
207 2 
208 6 
209 7 
210 10 
211 0 
212 3 
213 4 
214 8 
215 7 
216 6 
217 4 
218 9 
219 7 
220 5 
221 6 
222 5 
223 8 
224 3 
225 6 
226 7 
227 13 
228 7 
229 3 
230 8 
231 4 
232 6 
233 11 
234 8 
235 9 
236 6 
237 4 
238 0 
239 2 
240 8 
241 4 
242 4 
243 3 
244 14 
245 1 
246 4 
247 3 
248 2 
249 6 
250 4 
251 6 
252 3 
253 8 
254 6 
255 5 
256 7 
257 6 
258 3 
259 0 
260 3 
261 7 
262 5 
263 2 
264 3 
265 1 
266 6 
267 5 
268 7 
269 4 
270 2 
271 1 
272 7 
273 4 
274 3 
275 5 
276 2 
277 6 
278 8 
279 6 
280 10 
281 4 
282 2 
283 5 
284 0 
285 3 
286 4 
287 6 
288 7 
289 4 
290 2 
291 8 
292 6 
293 5 
294 8 
295 3 
296 7 
297 6 
298 3 
299 4 
300 5 
301 4 
302 0 
303 6 
304 9 
305 2 
306 3 
307 4 
308 7 
309 2 
310 10 
311 7 
312 5 
313 9 
314 6 
315 7 
316 4 
317 4 
318 2 
319 1 
320 3 
321 2 
322 3 
323 6 
324 2 
325 4 
326 5 
327 0 
328 0 
329 2 
330 6 
331 0 
332 2 
333 2 
334 1 
335 6 
336 3 
337 7 
338 5 
339 4 
340 2 
341 1 
342 9 
343 7 
344 6 
345 7 
346 4 
347 2 
348 7 
349 3 
350 11 
351 4 
352 14 
353 4 
354 6 
355 7 
356 3 
357 7 
358 4 
359 9 
360 9 
361 5 
362 3 
363 5 
364 13 
365 9 
366 3 
367 5 
368 7 
369 13 
370 6 
371 8 
372 5 
373 5 
374 12 
375 8 
376 6 
377 8 
378 10 
379 7 
380 6 
381 13 
382 3 
383 2 
384 2 
385 8 
386 13 
387 9 
388 7 
389 5 
390 4 
391 6 
392 5 
393 7 
394 10 
395 8 
396 8 
397 9 
398 3 
399 4 
400 7 
401 9 
402 7 
403 2 
404 0 
405 4 
406 4 
407 4 
408 8 
409 7 
410 9 
411 8 
412 8 
413 7 
414 5 
415 6 
416 4 
417 6 
418 7 
419 5 
420 9 
421 4 
422 11 
423 3 
424 5 
425 9 
426 2 
427 6 
428 5 
429 6 
430 12 
431 4 
432 6 
433 7 
434 3 
435 0 
436 4 
437 3 
438 5 
439 4 
440 7 
441 5 
442 13 
443 4 
444 7 
445 5 
446 5 
447 4 
448 4 
449 6 
450 5 
451 2 
452 7 
453 2 
454 3 
455 7 
456 3 
457 1 
458 0 
459 5 
460 3 
461 4 
462 1 
463 5 
464 5 
465 0 
466 1 
467 1 
468 2 
469 1 
470 3 
471 6 
472 6 
473 6 
474 5 
475 6 
476 3 
477 3 
478 9 
479 8 
480 0 
481 2 
482 5 
483 5 
484 4 
485 1 
486 4 
487 5 
488 7 
489 5 
490 2 
491 2 
492 2 
493 7 
494 0 
495 3 
496 4 
497 5 
498 3 
499 9 
500 5 
501 6 
502 0 
503 2 
504 6 
505 5 
506 6 
507 5 
508 4 
509 2 
510 8 
511 4 
512 6 
513 3 
514 1 
515 5 
516 7 
517 5 
518 5 
519 5 
520 0 
521 6 
522 4 
523 3 
524 3 
525 3 
526 2 
527 6 
528 4 
529 4 
530 1 
531 7 
532 1 
533 5 
534 5 
535 16 
536 7 
537 7 
538 3 
539 4 
540 7 
541 4 
542 6 
543 5 
544 10 
545 8 
546 7 
547 6 
548 11 
549 7 
550 8 
551 6 
552 5 
553 6 
554 5 
555 7 
556 8 
557 7 
558 6 
559 10 
560 7 
561 8 
562 8 
563 8 
564 3 
565 10 
566 8 
567 7 
568 5 
569 7 
570 7 
571 6 
572 1 
573 7 
574 4 
575 3 
576 7 
577 5 
578 4 
579 6 
580 5 
581 7 
582 3 
583 6 
584 4 
585 11 
586 6 
587 3 
588 7 
589 4 
590 8 
591 4 
592 3 
593 6 
594 4 
595 4 
596 11 
597 8 
598 7 
599 6 
600 4 
601 5 
602 5 
603 2 
604 7 
605 9 
606 8 
607 4 
608 7 
609 8 
610 7 
611 8 
612 10 
613 6 
614 1 
615 8 
616 5 
617 11 
618 6 
619 4 
620 6 
621 7 
622 1 
623 7 
624 2 
625 7 
626 7 
627 3 
628 12 
629 4 
630 2 
631 4 
632 6 
633 7 
634 2 
635 2 
636 4 
637 4 
638 8 
639 8 
640 5 
641 4 
642 6 
643 4 
644 6 
645 3 
646 5 
647 6 
648 6 
649 5 
650 6 
651 8 
652 3 
653 5 
654 2 
655 9 
656 5 
657 5 
658 5 
659 5 
660 3 
661 5 
662 5 
663 6 
664 6 
665 5 
666 4 
667 0 
668 6 
669 5 
670 6 
671 5 
672 5 
673 1 
674 5 
675 8 
676 8 
677 10 
678 4 
679 3 
680 7 
681 3 
682 5 
683 1 
684 6 
685 3 
686 4 
687 5 
688 3 
689 5 
690 10 
691 4 
692 2 
693 3 
694 7 
695 8 
696 4 
697 3 
698 7 
699 6 
700 5 
701 11 
702 3 
703 9 
704 3 
705 5 
706 7 
707 6 
708 6 
709 7 
710 9 
711 7 
712 0 
713 6 
714 8 
715 4 
716 2 
717 5 
718 9 
719 9 
720 9 
721 5 
722 9 
723 4 
724 5 
725 5 
726 4 
727 3 
728 2 
729 1 
730 10 
731 7 
732 6 
733 4 
734 6 
735 1 
736 2 
737 4 
738 9 
739 9 
740 2 
741 9 
742 4 
743 7 
744 2 
745 3 
746 2 
747 2 
748 2 
749 0 
750 2 
751 2 
752 3 
753 0 
754 5 
755 6 
756 1 
757 3 
758 5 
759 2 
760 1 
761 6 
762 5 
763 5 
764 2 
765 1 
766 1 
767 5 
768 0 
769 3 
770 1 
771 4 
772 5 
773 12 
774 5 
775 9 
776 14 
777 6 
778 5 
779 9 
780 10 
781 2 
782 5 
783 7 
784 4 
785 7 
786 9 
787 7 
788 8 
789 5 
790 5 
791 13 
792 10 
793 5 
794 4 
795 13 
796 1 
797 5 
798 8 
799 6 
800 9 
801 4 
802 7 
803 4 
804 5 
805 8 
806 9 
807 9 
808 10 
809 10 
810 12 
811 0 
812 3 
813 2 
814 10 
815 3 
816 3 
817 7 
818 3 
819 9 
820 2 
821 1 
822 9 
823 2 
824 5 
825 5 
826 2 
827 6 
828 3 
829 4 
830 2 
831 3 
832 9 
833 3 
834 6 
835 4 
836 4 
837 2 
838 3 
839 8 
840 3 
841 4 
842 2 
843 11 
844 10 
845 7 
846 6 
847 3 
848 9 
849 7 
850 7 
851 4 
852 10 
853 5 
854 10 
855 6 
856 10 
857 8 
858 5 
859 8 
860 7 
861 10 
862 6 
863 5 
864 6 
865 3 
866 4 
867 2 
868 4 
869 10 
870 2 
871 3 
872 5 
873 6 
874 5 
875 5 
876 9 
877 11 
878 1 
879 4 
880 5 
881 6 
882 2 
883 5 
884 4 
885 5 
886 5 
887 4 
888 8 
889 3 
890 7 
891 8 
892 7 
893 1 
894 5 
895 2 
896 4 
897 1 
898 3 
899 6 
900 4 
901 10 
902 2 
903 6 
904 0 
905 0 
906 6 
907 6 
908 6 
909 4 
910 2 
911 8 
912 6 
913 5 
914 10 
915 10 
916 9 
917 4 
918 6 
919 4 
920 5 
921 4 
922 3 
923 7 
924 3 
925 1 
926 9 
927 3 
928 7 
929 9 
930 9 
931 8 
932 11 
933 5 
934 9 
935 8 
936 3 
937 3 
938 3 
939 7 
940 5 
941 3 
942 8 
943 3 
944 10 
945 9 
946 4 
947 6 
948 7 
949 17 
950 2 
951 7 
952 10 
953 7 
954 4 
955 9 
956 5 
957 8 
958 9 
959 2 
960 3 
961 8 
962 2 
963 3 
964 4 
965 7 
966 7 
967 3 
968 3 
969 0 
970 8 
971 2 
972 2 
973 6 
974 4 
975 0 
976 4 
977 5 
978 6 
979 2 
980 6 
981 3 
982 5 
983 8 
984 5 
985 4 
986 7 
987 7 
988 9 
989 10 
990 7 
991 9 
992 8 
993 2 
994 7 
995 8 
996 4 
997 4 
998 4 
999 1 
1000 5 
1001 12 
1002 4 
1003 8 
1004 1 
1005 6 
1006 3 
1007 2 
1008 6 
1009 7 
1010 13 
1011 3 
1012 7 
1013 5 
1014 4 
1015 0 
1016 9 
1017 8 
1018 0 
1019 4 
1020 2 
1021 2 
1022 7 
1023 2 
1024 3 
1025 5 
1026 8 
1027 3 
1028 2 
1029 5 
1030 6 
1031 7 
1032 10 
1033 4 
1034 3 
1035 4 
1036 6 
1037 5 
1038 2 
1039 6 
1040 3 
1041 6 
1042 11 
1043 4 
1044 5 
1045 6 
1046 4 
1047 5 
1048 9 
1049 6 
1050 5 
1051 8 
1052 4 
1053 6 
1054 4 
1055 4 
1056 6 
1057 4 
1058 3 
1059 5 
1060 4 
1061 9 
1062 3 
1063 5 
1064 2 
1065 3 
1066 4 
1067 5 
1068 14 
1069 2 
1070 6 
1071 8 
1072 3 
1073 4 
1074 7 
1075 4 
1076 5 
1077 6 
1078 5 
1079 7 
1080 6 
1081 2 
1082 4 
1083 3 
1084 8 
1085 7 
1086 9 
1087 6 
1088 5 
1089 4 
1090 1 
1091 9 
1092 5 
1093 8 
1094 8 
1095 10 
1096 4 
1097 5 
1098 8 
1099 5 
1100 5 
1101 8 
1102 7 
1103 5 
1104 11 
1105 10 
1106 6 
1107 10 
1108 6 
1109 5 
1110 9 
1111 8 
1112 4 
1113 8 
1114 5 
1115 9 
1116 8 
1117 8 
1118 4 
1119 3 
1120 9 
1121 5 
1122 3 
1123 6 
1124 5 
1125 3 
1126 4 
1127 4 
1128 7 
1129 9 
1130 9 
1131 2 
1132 4 
1133 13 
1134 8 
1135 4 
1136 7 
1137 10 
1138 7 
1139 8 
1140 6 
1141 5 
1142 8 
1143 4 
1144 8 
1145 5 
1146 10 
1147 4 
1148 6 
1149 8 
1150 0 
1151 5 
1152 9 
1153 10 
1154 9 
1155 7 
1156 6 
1157 6 
1158 7 
1159 4 
1160 5 
1161 6 
1162 6 
1163 3 
1164 6 
1165 8 
1166 6 
1167 8 
1168 1 
1169 7 
1170 14 
1171 7 
1172 4 
1173 5 
1174 10 
1175 3 
1176 11 
1177 11 
1178 13 
1179 4 
1180 5 
1181 4 
1182 8 
1183 8 
1184 5 
1185 5 
1186 4 
1187 3 
1188 9 
1189 7 
1190 1 
1191 3 
1192 10 
1193 9 
1194 10 
1195 5 
1196 10 
1197 11 
1198 7 
1199 6 
1200 3 
1201 4 
1202 10 
1203 2 
1204 9 
1205 14 
1206 7 
1207 9 
1208 3 
1209 4 
1210 5 
1211 4 
1212 6 
1213 8 
1214 6 
1215 4 
1216 11 
1217 4 
1218 4 
1219 8 
1220 3 
1221 5 
1222 4 
1223 8 
1224 5 
1225 4 
1226 4 
1227 8 
1228 7 
1229 2 
1230 8 
1231 4 
1232 7 
1233 10 
1234 7 
1235 6 
1236 7 
1237 8 
1238 6 
1239 5 
1240 8 
1241 4 
1242 6 
1243 5 
1244 5 
1245 6 
1246 5 
1247 5 
1248 9 
1249 3 
1250 9 
1251 3 
1252 2 
1253 4 
1254 1 
1255 5 
1256 9 
1257 7 
1258 4 
1259 5 
1260 3 
1261 9 
1262 13 
1263 6 
1264 4 
1265 6 
1266 2 
1267 13 
1268 7 
1269 11 
1270 3 
1271 11 
1272 1 
1273 8 
1274 3 
1275 9 
1276 5 
1277 2 
1278 8 
1279 7 
1280 7 
1281 3 
1282 5 
1283 4 
1284 4 
1285 4 
1286 4 
1287 7 
1288 9 
1289 3 
1290 5 
1291 0 
1292 7 
1293 1 
1294 5 
1295 7 
1296 13 
1297 4 
1298 5 
1299 4 
1300 13 
1301 11 
1302 5 
1303 7 
1304 8 
1305 7 
1306 9 
1307 8 
1308 6 
1309 6 
1310 5 
1311 9 
1312 9 
1313 12 
1314 7 
1315 5 
1316 6 
1317 7 
1318 8 
1319 7 
1320 5 
1321 11 
1322 2 
1323 5 
1324 4 
1325 8 
1326 6 
1327 8 
1328 5 
1329 5 
1330 6 
1331 10 
1332 8 
1333 4 
1334 5 
1335 4 
1336 8 
1337 4 
1338 7 
1339 12 
1340 7 
1341 2 
1342 1 
1343 3 
1344 4 
1345 8 
1346 1 
1347 7 
1348 4 
1349 0 
1350 4 
1351 8 
1352 8 
1353 2 
1354 4 
1355 10 
1356 3 
1357 4 
1358 5 
1359 9 
1360 5 
1361 10 
1362 7 
1363 11 
1364 6 
1365 11 
1366 9 
1367 9 
1368 11 
1369 10 
1370 2 
1371 6 
1372 8 
1373 7 
1374 7 
1375 13 
1376 6 
1377 8 
1378 5 
1379 4 
1380 8 
1381 6 
1382 4 
1383 7 
1384 6 
1385 3 
1386 6 
1387 3 
1388 4 
1389 2 
1390 4 
1391 2 
1392 3 
1393 5 
1394 3 
1395 5 
1396 5 
1397 4 
1398 10 
1399 4 
1400 7 
1401 3 
1402 3 
1403 5 
1404 4 
1405 4 
1406 5 
1407 6 
1408 1 
1409 3 
1410 5 
1411 5 
1412 3 
1413 5 
1414 3 
1415 0 
1416 9 
1417 0 
1418 7 
1419 2 
1420 7 
1421 13 
1422 9 
1423 0 
1424 2 
1425 5 
1426 6 
1427 7 
1428 5 
1429 11 
1430 12 
1431 5 
1432 3 
1433 7 
1434 8 
1435 5 
1436 7 
1437 7 
1438 6 
1439 6 
1440 4 
1441 6 
1442 5 
1443 3 
1444 12 
1445 7 
1446 6 
1447 6 
1448 7 
1449 7 
1450 7 
1451 5 
1452 3 
1453 9 
1454 7 
1455 12 
1456 12 
1457 7 
1458 6 
1459 4 
1460 2 
1461 4 
1462 8 
1463 5 
1464 2 
1465 7 
1466 10 
1467 5 
1468 4 
1469 3 
1470 3 
1471 3 
1472 12 
1473 5 
1474 9 
1475 2 
1476 4 
1477 10 
1478 7 
1479 3 
1480 6 
1481 8 
1482 5 
1483 10 
1484 10 
1485 7 
1486 6 
1487 9 
1488 5 
1489 7 
1490 8 
1491 9 
1492 10 
1493 4 
1494 2 
1495 5 
1496 7 
1497 5 
1498 6 
1499 5 
1500 2 
1501 8 
1502 5 
1503 11 
1504 3 
1505 0 
1506 3 
1507 3 
1508 4 
1509 7 
1510 6 
1511 3 
1512 4 
1513 2 
1514 5 
1515 1 
1516 2 
1517 6 
1518 7 
1519 9 
1520 8 
1521 9 
1522 3 
1523 5 
1524 8 
1525 9 
1526 9 
1527 5 
1528 6 
1529 3 
1530 5 
1531 4 
1532 4 
1533 4 
1534 4 
1535 12 
1536 6 
1537 3 
1538 7 
1539 7 
1540 9 
1541 7 
1542 4 
1543 5 
1544 1 
1545 9 
1546 8 
1547 11 
1548 3 
1549 7 
1550 11 
1551 6 
1552 7 
1553 9 
1554 11 
1555 10 
1556 7 
1557 13 
1558 13 
1559 5 
1560 6 
1561 6 
1562 4 
1563 11 
1564 5 
1565 7 
1566 5 
1567 8 
1568 4 
1569 6 
1570 7 
1571 7 
1572 7 
1573 7 
1574 3 
1575 6 
1576 7 
1577 5 
1578 5 
1579 3 
1580 10 
1581 5 
1582 4 
1583 8 
1584 6 
1585 11 
1586 1 
1587 11 
1588 12 
1589 9 
1590 4 
1591 7 
1592 2 
1593 0 
1594 6 
1595 7 
1596 4 
1597 0 
1598 6 
1599 4 
1600 7 
1601 7 
1602 6 
1603 6 
1604 1 
1605 4 
1606 3 
1607 6 
1608 7 
1609 10 
1610 2 
1611 5 
1612 9 
1613 12 
1614 12 
1615 10 
1616 10 
1617 6 
1618 7 
1619 9 
1620 4 
1621 3 
1622 10 
1623 10 
1624 10 
1625 13 
1626 5 
1627 3 
1628 7 
1629 5 
1630 10 
1631 5 
1632 6 
1633 4 
1634 6 
1635 7 
1636 5 
1637 6 
1638 7 
1639 7 
1640 2 
1641 10 
1642 5 
1643 6 
1644 7 
1645 10 
1646 7 
1647 14 
1648 9 
1649 10 
1650 4 
1651 6 
1652 1 
1653 5 
1654 3 
1655 4 
1656 6 
1657 7 
1658 11 
1659 4 
1660 8 
1661 6 
1662 5 
1663 5 
1664 4 
1665 6 
1666 4 
1667 5 
1668 9 
1669 5 
1670 5 
1671 8 
1672 4 
1673 9 
1674 10 
1675 1 
1676 4 
1677 2 
1678 10 
1679 7 
1680 9 
1681 2 
1682 5 
1683 3 
1684 3 
1685 10 
1686 8 
1687 5 
1688 8 
1689 3 
1690 5 
1691 2 
1692 5 
1693 9 
1694 9 
1695 1 
1696 9 
1697 4 
1698 9 
1699 5 
1700 10 
1701 1 
1702 3 
1703 4 
1704 3 
1705 11 
1706 6 
1707 4 
1708 2 
1709 0 
1710 7 
1711 4 
1712 3 
1713 2 
1714 6 
1715 8 
1716 10 
1717 1 
1718 4 
1719 3 
1720 7 
1721 6 
1722 6 
1723 5 
1724 7 
1725 10 
1726 6 
1727 6 
1728 8 
1729 5 
1730 2 
1731 2 
1732 4 
1733 4 
1734 13 
1735 8 
1736 7 
1737 4 
1738 3 
1739 5 
1740 5 
1741 3 
1742 4 
1743 7 
1744 7 
1745 5 
1746 12 
1747 7 
1748 3 
1749 5 
1750 6 
1751 4 
1752 7 
1753 8 
1754 10 
1755 7 
1756 7 
1757 14 
1758 8 
1759 4 
1760 8 
1761 4 
1762 5 
1763 4 
1764 6 
1765 7 
1766 11 
1767 13 
1768 9 
1769 7 
1770 10 
1771 10 
1772 16 
1773 2 
1774 3 
1775 7 
1776 6 
1777 6 
1778 7 
1779 11 
1780 2 
1781 7 
1782 6 
1783 3 
1784 2 
1785 7 
1786 8 
1787 2 
1788 7 
1789 8 
1790 11 
1791 8 
1792 8 
1793 8 
1794 6 
1795 6 
1796 12 
1797 5 
1798 9 
1799 6 
1800 6 
1801 6 
1802 9 
1803 10 
1804 3 
1805 2 
1806 8 
1807 7 
1808 5 
1809 6 
1810 2 
1811 6 
1812 12 
1813 3 
1814 5 
1815 9 
1816 8 
1817 10 
1818 4 
1819 2 
1820 5 
1821 11 
1822 9 
1823 4 
1824 3 
1825 9 
1826 8 
1827 8 
1828 9 
1829 3 
1830 8 
1831 6 
1832 4 
1833 4 
1834 6 
1835 9 
1836 8 
1837 3 
1838 0 
1839 11 
1840 11 
1841 3 
1842 13 
1843 5 
1844 4 
1845 0 
1846 10 
1847 1 
1848 7 
1849 6 
1850 6 
1851 7 
1852 9 
1853 7 
1854 13 
1855 12 
1856 7 
1857 5 
1858 10 
1859 10 
1860 7 
1861 6 
1862 8 
1863 10 
1864 8 
1865 5 
1866 12 
1867 10 
1868 3 
1869 4 
1870 9 
1871 10 
1872 5 
1873 6 
1874 10 
1875 6 
1876 3 
1877 11 
1878 11 
1879 5 
1880 4 
1881 9 
1882 3 
1883 4 
1884 1 
1885 6 
1886 3 
1887 8 
1888 1 
1889 6 
1890 9 
1891 10 
1892 4 
1893 7 
1894 8 
1895 6 
1896 7 
1897 2 
1898 5 
1899 2 
1900 7 
1901 4 
1902 6 
1903 6 
1904 9 
1905 7 
1906 6 
1907 6 
1908 4 
1909 5 
1910 5 
1911 8 
1912 10 
1913 7 
1914 7 
1915 8 
1916 5 
1917 8 
1918 7 
1919 10 
1920 9 
1921 11 
1922 5 
1923 13 
1924 7 
1925 4 
1926 4 
1927 6 
1928 14 
1929 12 
1930 8 
1931 6 
1932 8 
1933 7 
1934 5 
1935 9 
1936 8 
1937 15 
1938 4 
1939 7 
1940 4 
1941 6 
1942 4 
1943 10 
1944 8 
1945 6 
1946 7 
1947 12 
1948 8 
1949 15 
1950 4 
1951 3 
1952 14 
1953 13 
1954 4 
1955 6 
1956 10 
1957 8 
1958 11 
1959 6 
1960 9 
1961 13 
1962 11 
1963 8 
1964 4 
1965 10 
1966 7 
1967 12 
1968 6 
1969 7 
1970 11 
1971 20 
1972 13 
1973 11 
1974 8 
1975 11 
1976 4 
1977 7 
1978 9 
1979 5 
1980 9 
1981 7 
1982 9 
1983 4 
1984 11 
1985 7 
1986 9 
1987 7 
1988 5 
1989 13 
1990 7 
1991 5 
1992 3 
1993 11 
1994 4 
1995 5 
1996 7 
1997 12 
1998 9 
1999 7 
2000 7 
2001 10 
2002 3 
2003 9 
2004 5 
2005 4 
2006 7 
2007 5 
2008 6 
2009 5 
2010 5 
2011 7 
2012 6 
2013 5 
2014 1 
2015 2 
2016 9 
2017 5 
2018 7 
2019 7 
2020 5 
2021 1 
2022 8 
2023 6 
2024 1 
2025 5 
2026 3 
2027 7 
2028 3 
2029 7 
2030 5 
2031 5 
2032 7 
2033 4 
2034 5 
2035 5 
2036 8 
2037 9 
2038 3 
2039 7 
2040 14 
2041 7 
2042 6 
2043 12 
2044 12 
2045 7 
2046 12 
2047 12 
2048 6 
2049 5 
2050 9 
2051 9 
2052 7 
2053 9 
2054 7 
2055 5 
2056 3 
2057 5 
2058 12 
2059 4 
2060 8 
2061 8 
2062 6 
2063 10 
2064 8 
2065 7 
2066 8 
2067 4 
2068 8 
2069 10 
2070 10 
2071 7 
2072 4 
2073 10 
2074 14 
2075 5 
2076 4 
2077 11 
2078 11 
2079 3 
2080 12 
2081 13 
2082 7 
2083 12 
2084 6 
2085 12 
2086 6 
2087 9 
2088 11 
2089 11 
2090 8 
2091 11 
2092 5 
2093 11 
2094 12 
2095 10 
2096 8 
2097 10 
2098 9 
2099 12 
2100 11 
2101 10 
2102 12 
2103 7 
2104 10 
2105 9 
2106 11 
2107 11 
2108 7 
2109 11 
2110 5 
2111 14 
2112 5 
2113 14 
2114 10 
2115 10 
2116 11 
2117 5 
2118 11 
2119 7 
2120 5 
2121 14 
2122 13 
2123 18 
2124 14 
2125 9 
2126 14 
2127 10 
2128 7 
2129 15 
2130 9 
2131 9 
2132 13 
2133 10 
2134 9 
2135 15 
2136 6 
2137 10 
2138 10 
2139 12 
2140 10 
2141 9 
2142 10 
2143 9 
2144 3 
2145 11 
2146 11 
2147 9 
2148 9 
2149 2 
2150 9 
2151 13 
2152 10 
2153 11 
2154 6 
2155 1 
2156 8 
2157 11 
2158 7 
2159 5 
2160 6 
2161 7 
2162 6 
2163 5 
2164 7 
2165 7 
2166 9 
2167 5 
2168 6 
2169 5 
2170 6 
2171 5 
2172 9 
2173 4 
2174 7 
2175 4 
2176 8 
2177 9 
2178 5 
2179 8 
2180 10 
2181 5 
2182 6 
2183 8 
2184 11 
2185 6 
2186 4 
2187 8 
2188 9 
2189 5 
2190 7 
2191 3 
2192 6 
2193 10 
2194 8 
2195 13 
2196 9 
2197 7 
2198 7 
2199 13 
2200 14 
2201 12 
2202 14 
2203 13 
2204 6 
2205 11 
2206 5 
2207 4 
2208 8 
2209 15 
2210 15 
2211 11 
2212 9 
2213 6 
2214 12 
2215 7 
2216 10 
2217 11 
2218 17 
2219 7 
2220 20 
2221 11 
2222 15 
2223 19 
2224 7 
2225 11 
2226 7 
2227 11 
2228 4 
2229 4 
2230 14 
2231 10 
2232 10 
2233 13 
2234 11 
2235 15 
2236 17 
2237 7 
2238 11 
2239 10 
2240 7 
2241 11 
2242 5 
2243 11 
2244 9 
2245 8 
2246 9 
2247 16 
2248 7 
2249 9 
2250 8 
2251 8 
2252 1 
2253 8 
2254 6 
2255 12 
2256 9 
2257 6 
2258 11 
2259 12 
2260 12 
2261 16 
2262 5 
2263 6 
2264 11 
2265 12 
2266 15 
2267 10 
2268 10 
2269 14 
2270 7 
2271 8 
2272 8 
2273 10 
2274 8 
2275 16 
2276 12 
2277 9 
2278 12 
2279 11 
2280 10 
2281 12 
2282 7 
2283 7 
2284 7 
2285 6 
2286 8 
2287 10 
2288 6 
2289 13 
2290 9 
2291 8 
2292 10 
2293 13 
2294 7 
2295 3 
2296 7 
2297 8 
2298 9 
2299 5 
2300 12 
2301 8 
2302 7 
2303 6 
2304 6 
2305 9 
2306 10 
2307 10 
2308 11 
2309 12 
2310 7 
2311 11 
2312 6 
2313 8 
2314 14 
2315 5 
2316 6 
2317 8 
2318 5 
2319 8 
2320 9 
2321 10 
2322 7 
2323 8 
2324 4 
2325 7 
2326 7 
2327 10 
2328 5 
2329 7 
2330 3 
2331 7 
2332 8 
2333 1 
2334 6 
2335 10 
2336 10 
2337 10 
2338 8 
2339 7 
2340 14 
2341 11 
2342 8 
2343 18 
2344 15 
2345 8 
2346 12 
2347 14 
2348 2 
2349 5 
2350 3 
2351 8 
2352 16 
2353 15 
2354 6 
2355 10 
2356 11 
2357 17 
2358 15 
2359 11 
2360 13 
2361 4 
2362 15 
2363 12 
2364 7 
2365 15 
2366 17 
2367 21 
2368 10 
2369 9 
2370 11 
2371 7 
2372 9 
2373 9 
2374 8 
2375 11 
2376 10 
2377 3 
2378 10 
2379 9 
2380 11 
2381 9 
2382 9 
2383 5 
2384 9 
2385 6 
2386 11 
2387 13 
2388 9 
2389 10 
2390 12 
2391 8 
2392 5 
2393 6 
2394 8 
2395 9 
2396 6 
2397 13 
2398 14 
2399 10 
2400 10 
2401 13 
2402 15 
2403 11 
2404 10 
2405 10 
2406 7 
2407 5 
2408 11 
2409 10 
2410 13 
2411 19 
2412 17 
2413 13 
2414 11 
2415 11 
2416 13 
2417 11 
2418 11 
2419 11 
2420 12 
2421 10 
2422 8 
2423 11 
2424 12 
2425 14 
2426 11 
2427 11 
2428 9 
2429 17 
2430 14 
2431 18 
2432 14 
2433 10 
2434 10 
2435 7 
2436 15 
2437 5 
2438 10 
2439 13 
2440 11 
2441 10 
2442 8 
2443 4 
2444 7 
2445 7 
2446 17 
2447 10 
2448 4 
2449 9 
2450 7 
2451 9 
2452 16 
2453 11 
2454 14 
2455 11 
2456 6 
2457 11 
2458 9 
2459 9 
2460 11 
2461 11 
2462 11 
2463 7 
2464 9 
2465 9 
2466 13 
2467 15 
2468 15 
2469 16 
2470 16 
2471 17 
2472 7 
2473 12 
2474 12 
2475 13 
2476 18 
2477 8 
2478 13 
2479 15 
2480 7 
2481 11 
2482 10 
2483 4 
2484 10 
2485 8 
2486 14 
2487 8 
2488 7 
2489 17 
2490 9 
2491 8 
2492 14 
2493 9 
2494 5 
2495 9 
2496 6 
2497 8 
2498 7 
2499 8 
2500 3 
2501 9 
2502 7 
2503 10 
2504 10 
2505 3 
2506 7 
2507 8 
2508 9 
2509 5 
2510 11 
2511 11 
2512 10 
2513 10 
2514 12 
2515 3 
2516 9 
2517 12 
2518 8 
2519 9 
2520 14 
2521 6 
2522 11 
2523 11 
2524 7 
2525 11 
2526 7 
2527 4 
2528 17 
2529 9 
2530 11 
2531 9 
2532 9 
2533 3 
2534 9 
2535 8 
2536 4 
2537 6 
2538 8 
2539 5 
2540 7 
2541 8 
2542 6 
2543 11 
2544 7 
2545 4 
2546 6 
2547 9 
2548 7 
2549 8 
2550 3 
2551 9 
2552 11 
2553 7 
2554 8 
2555 11 
2556 10 
2557 9 
2558 8 
2559 4 
2560 11 
2561 6 
2562 10 
2563 6 
2564 5 
2565 4 
2566 10 
2567 8 
2568 12 
2569 11 
2570 10 
2571 5 
2572 9 
2573 4 
2574 15 
2575 8 
2576 8 
2577 14 
2578 14 
2579 9 
2580 5 
2581 9 
2582 3 
2583 9 
2584 11 
2585 11 
2586 5 
2587 8 
2588 11 
2589 17 
2590 7 
2591 10 
2592 4 
2593 2 
2594 19 
2595 12 
2596 7 
2597 9 
2598 3 
2599 11 
2600 11 
2601 14 
2602 6 
2603 12 
2604 19 
2605 12 
2606 13 
2607 11 
2608 13 
2609 11 
2610 12 
2611 18 
2612 3 
2613 9 
2614 18 
2615 14 
2616 14 
2617 12 
2618 10 
2619 9 
2620 18 
2621 11 
2622 12 
2623 12 
2624 11 
2625 11 
2626 13 
2627 10 
2628 12 
2629 6 
2630 15 
2631 6 
2632 13 
2633 11 
2634 8 
2635 13 
2636 10 
2637 10 
2638 8 
2639 11 
2640 8 
2641 12 
2642 12 
2643 14 
2644 11 
