frame    mol0
    0      NA
    1   0.000
    2   0.258
    3   0.264
    4   0.258
    5   0.268
    6   0.252
    7   0.264
    8   0.274
    9   0.268
   10   0.285
   11   0.282
   12   0.262
   13   0.267
   14   0.288
   15   0.296
   16   0.294
   17   0.267
   18   0.290
   19   0.331
   20   0.344
   21   0.319
   22   0.327
   23   0.308
   24   0.369
   25   0.396
   26   0.378
   27   0.393
   28   0.376
   29   0.390
   30   0.424
   31   0.449
   32   0.490
   33   0.450
   34   0.459
   35   0.461
   36   0.465
   37   0.593
   38   0.591
   39   0.580
   40   0.541
   41   0.544
   42   0.553
   43   0.545
   44   0.577
   45   0.778
   46   0.901
   47   0.855
   48   0.904
   49   0.955
   50   1.053
   51   1.038
   52   0.779
   53   1.069
   54   1.160
   55   0.947
   56   0.973
   57   1.017
   58   1.084
   59   1.046
   60   1.156
   61   1.121
   62   0.972
   63   0.993
   64   1.156
   65   1.130
   66   1.092
   67   1.061
   68   1.273
   69   1.188
   70   1.129
   71   1.038
   72   1.048
   73   0.995
   74   0.857
   75   1.109
   76   1.036
   77   0.866
   78   1.133
   79   1.223
   80   1.151
   81   1.014
   82   1.149
   83   1.125
   84   1.112
   85   0.923
   86   1.113
   87   0.944
   88   0.967
   89   0.964
   90   1.021
   91   0.968
   92   1.065
   93   1.092
   94   1.055
   95   1.014
   96   0.909
   97   0.937
   98   0.898
   99   1.053
  100   0.938
  101   1.094
  102   1.042
  103   1.022
  104   1.067
  105   1.087
  106   1.139
  107   1.023
  108   1.210
  109   1.074
  110   1.006
  111   0.941
  112   1.083
  113   1.221
  114   1.200
  115   1.048
  116   1.137
  117   1.215
  118   1.299
  119   1.281
  120   1.503
  121   1.495
  122   1.383
  123   1.358
  124   1.278
  125   1.127
  126   1.338
  127   1.688
  128   1.317
  129   1.236
  130   1.392
  131   1.255
  132   1.324
  133   1.602
  134   1.350
  135   1.234
  136   1.224
  137   1.116
  138   1.165
  139   1.142
  140   1.128
  141   1.099
  142   1.043
  143   1.019
  144   0.959
  145   1.180
  146   1.176
  147   1.419
  148   1.189
  149   1.431
  150   1.272
  151   1.115
  152   1.263
  153   1.428
  154   1.432
  155   1.388
  156   1.294
  157   1.633
  158   1.735
  159   1.987
  160   1.850
  161   1.697
  162   1.563
  163   1.524
  164   1.630
  165   1.649
  166   1.691
  167   1.875
  168   1.571
  169   1.832
  170   1.482
  171   1.521
  172   1.669
  173   1.621
  174   1.511
  175   1.367
  176   1.557
  177   1.855
  178   1.912
  179   1.916
  180   1.754
  181   2.135
  182   1.979
  183   2.164
  184   2.014
  185   2.007
  186   2.022
  187   2.003
  188   1.979
  189   1.882
  190   1.949
  191   1.890
  192   1.866
  193   1.935
  194   1.805
  195   1.942
  196   1.708
  197   1.808
  198   1.925
  199   1.971
  200   1.816
  201   1.811
  202   1.886
  203   1.720
  204   1.710
  205   1.972
  206   1.924
  207   1.950
  208   2.281
  209   2.044
  210   2.218
  211   1.953
  212   1.569
  213   1.972
  214   1.980
  215   1.977
  216   1.711
  217   1.984
  218   2.039
  219   1.955
  220   1.872
  221   1.898
  222   1.770
  223   1.906
  224   2.089
  225   1.987
  226   2.017
  227   1.816
  228   1.900
  229   2.043
  230   1.925
  231   1.950
  232   1.947
  233   2.035
  234   1.867
  235   1.917
  236   2.077
  237   1.718
  238   1.856
  239   1.925
  240   2.025
  241   2.184
  242   1.976
  243   1.595
  244   1.630
  245   1.898
  246   2.014
  247   2.172
  248   2.301
  249   2.277
  250   2.149
  251   2.107
  252   2.119
  253   2.128
  254   2.039
  255   2.058
  256   2.060
  257   2.024
  258   2.169
  259   2.214
  260   2.208
  261   1.905
  262   1.866
  263   2.041
  264   1.979
  265   1.881
  266   2.212
  267   2.178
  268   2.305
  269   2.184
  270   2.240
  271   2.098
  272   1.807
  273   1.808
  274   1.941
  275   1.862
  276   1.819
  277   1.859
  278   2.273
  279   2.136
  280   2.284
  281   2.292
  282   2.162
  283   1.917
  284   2.075
  285   2.154
  286   2.223
  287   1.954
  288   1.715
  289   2.151
  290   1.900
  291   2.013
  292   2.082
  293   1.795
  294   1.820
  295   1.761
  296   1.695
  297   1.793
  298   1.811
  299   1.760
  300   1.692
  301   2.047
  302   1.976
  303   1.916
  304   1.870
  305   1.991
  306   2.088
  307   2.206
  308   2.088
  309   2.146
  310   1.770
  311   2.218
  312   2.108
  313   1.868
  314   1.745
  315   2.102
  316   1.931
  317   2.005
  318   1.999
  319   1.815
  320   1.814
  321   1.777
  322   1.939
  323   1.891
  324   1.901
  325   1.817
  326   1.772
  327   1.898
  328   1.784
  329   1.823
  330   1.914
  331   2.019
  332   2.119
  333   2.303
  334   2.187
  335   2.259
  336   2.198
  337   1.916
  338   2.380
  339   2.379
  340   2.351
  341   2.368
  342   2.407
  343   2.200
  344   2.051
  345   2.056
  346   2.063
  347   2.369
  348   2.214
  349   2.049
  350   1.922
  351   1.930
  352   1.969
  353   2.010
  354   1.535
  355   1.850
  356   1.984
  357   1.830
  358   1.786
  359   1.908
  360   2.051
  361   2.095
  362   1.798
  363   1.678
  364   1.731
  365   1.883
  366   1.889
  367   1.944
  368   2.154
  369   2.432
  370   2.307
  371   2.440
  372   2.560
  373   2.374
  374   2.482
  375   2.479
  376   2.580
  377   2.434
  378   2.057
  379   2.450
  380   2.509
  381   2.217
  382   2.801
  383   2.535
  384   2.635
  385   2.677
  386   2.738
  387   2.797
  388   2.787
  389   2.842
  390   2.574
  391   2.644
  392   2.835
  393   2.653
  394   2.773
  395   2.895
  396   2.511
  397   2.599
  398   2.451
  399   2.815
  400   2.948
  401   2.956
  402   2.388
  403   2.855
  404   2.613
  405   2.653
  406   2.309
  407   2.164
  408   2.165
  409   2.528
  410   2.276
  411   2.280
  412   2.335
  413   2.765
  414   2.442
  415   2.583
  416   2.407
  417   2.432
  418   2.416
  419   2.047
  420   2.511
  421   2.673
  422   2.339
  423   2.480
  424   2.331
  425   2.483
  426   2.571
  427   2.491
  428   2.553
  429   2.455
  430   2.424
  431   2.650
  432   2.626
  433   2.379
  434   2.558
  435   2.224
  436   2.422
  437   2.255
  438   2.268
  439   1.976
  440   2.364
  441   2.370
  442   2.213
  443   2.328
  444   2.341
  445   2.245
  446   2.168
  447   2.163
  448   2.248
  449   2.467
  450   2.346
  451   2.693
  452   2.391
  453   2.431
  454   2.317
  455   2.159
  456   2.247
  457   2.222
  458   2.277
  459   2.181
  460   2.102
  461   2.148
  462   2.170
  463   2.246
  464   1.970
  465   2.337
  466   2.273
  467   2.039
  468   2.028
  469   2.080
  470   2.140
  471   2.089
  472   1.774
  473   2.155
  474   2.017
  475   2.115
  476   1.853
  477   1.965
  478   1.958
  479   1.993
  480   2.016
  481   2.110
  482   2.210
  483   2.456
  484   2.469
  485   2.178
  486   2.060
  487   2.171
  488   2.006
  489   2.036
  490   2.245
  491   1.998
  492   1.911
  493   2.251
  494   2.105
  495   2.096
  496   2.059
  497   2.079
  498   2.008
  499   1.928
  500   1.868
  501   1.835
  502   2.038
  503   2.216
  504   2.284
  505   2.403
  506   2.439
  507   2.253
  508   1.774
  509   1.870
  510   1.755
  511   1.978
  512   1.988
  513   1.878
  514   1.990
  515   1.971
  516   2.135
  517   2.052
  518   2.225
  519   2.177
  520   2.160
  521   2.080
  522   2.335
  523   1.981
  524   2.076
  525   2.049
  526   2.029
  527   2.006
  528   1.728
  529   1.838
  530   1.629
  531   1.628
  532   1.527
  533   1.168
  534   1.372
  535   1.555
  536   1.589
  537   1.453
  538   1.340
  539   1.574
  540   1.483
  541   1.644
  542   1.378
  543   1.573
  544   1.683
  545   1.507
  546   1.613
  547   1.627
  548   1.719
  549   1.622
  550   1.724
  551   1.643
  552   1.342
  553   1.358
  554   1.428
  555   1.696
  556   1.595
  557   1.692
  558   1.808
  559   1.700
  560   1.396
  561   1.688
  562   1.666
  563   1.606
  564   1.660
  565   1.445
  566   1.645
  567   1.407
  568   1.986
  569   1.612
  570   1.893
  571   1.672
  572   1.907
  573   1.736
  574   1.800
  575   1.806
  576   1.627
  577   1.871
  578   1.678
  579   1.772
  580   1.517
  581   1.745
  582   1.376
  583   1.407
  584   1.711
  585   1.549
  586   1.441
  587   1.479
  588   1.507
  589   1.560
  590   1.666
  591   1.626
  592   1.964
  593   1.734
  594   1.646
  595   1.564
  596   1.878
  597   1.600
  598   1.665
  599   1.420
  600   1.487
  601   1.202
  602   1.268
  603   1.236
  604   1.419
  605   1.304
  606   1.179
  607   1.695
  608   1.140
  609   1.303
  610   1.357
  611   1.533
  612   1.396
  613   1.377
  614   1.235
  615   1.419
  616   1.345
  617   1.264
  618   1.467
  619   1.352
  620   1.574
  621   1.296
  622   1.434
  623   1.558
  624   1.409
  625   1.300
  626   1.711
  627   1.619
  628   1.421
  629   1.456
  630   1.252
  631   1.355
  632   1.680
  633   1.602
  634   1.877
  635   1.662
  636   1.632
  637   1.598
  638   1.643
  639   1.498
  640   1.517
  641   1.839
  642   1.181
  643   1.287
  644   1.294
  645   1.420
  646   1.274
  647   1.389
  648   1.308
  649   1.508
  650   1.440
  651   1.327
  652   1.359
  653   1.481
  654   1.776
  655   1.829
  656   1.839
  657   1.808
  658   1.903
  659   1.691
  660   1.866
  661   1.753
  662   1.900
  663   1.610
  664   1.495
  665   1.322
  666   1.813
  667   1.658
  668   1.455
  669   1.570
  670   1.442
  671   1.470
  672   1.555
  673   1.431
  674   1.322
  675   1.450
  676   1.438
  677   1.659
  678   1.479
  679   1.521
  680   1.621
  681   1.608
  682   1.875
  683   2.108
  684   1.753
  685   1.676
  686   1.835
  687   1.797
  688   1.633
  689   1.512
  690   1.421
  691   1.347
  692   1.317
  693   1.885
  694   1.863
  695   2.116
  696   1.690
  697   1.906
  698   1.775
  699   1.710
  700   1.796
  701   1.460
  702   1.286
  703   1.192
  704   1.377
  705   1.419
  706   1.324
  707   1.464
  708   1.388
  709   1.323
  710   1.309
  711   1.427
  712   1.405
  713   1.322
  714   1.336
  715   1.536
  716   1.175
  717   1.352
  718   1.434
  719   1.370
  720   1.272
  721   1.172
  722   1.332
  723   1.338
  724   1.439
  725   1.328
  726   1.286
  727   1.187
  728   1.377
  729   1.453
  730   1.355
  731   1.483
  732   1.484
  733   1.406
  734   1.404
  735   1.446
  736   1.842
  737   2.108
  738   1.953
  739   1.995
  740   2.068
  741   1.649
  742   1.547
  743   1.374
  744   1.492
  745   1.602
  746   1.570
  747   1.449
  748   1.460
  749   1.566
  750   1.493
  751   1.472
  752   1.479
  753   1.558
  754   1.597
  755   1.417
  756   1.426
  757   1.339
  758   1.490
  759   1.477
  760   1.419
  761   1.430
  762   1.588
  763   1.484
  764   1.456
  765   1.443
  766   1.459
  767   1.370
  768   1.475
  769   1.585
  770   1.281
  771   1.105
  772   1.214
  773   1.271
  774   1.219
  775   1.331
  776   1.298
  777   1.257
  778   1.244
  779   1.170
  780   1.203
  781   1.304
  782   1.158
  783   1.177
  784   1.168
  785   1.238
  786   1.185
  787   1.134
  788   1.204
  789   1.024
  790   1.190
  791   1.242
  792   1.274
  793   1.386
  794   1.214
  795   1.157
  796   1.331
  797   1.267
  798   1.470
  799   1.460
  800   1.406
  801   1.260
  802   1.286
  803   1.292
  804   1.173
  805   1.235
  806   1.283
  807   1.223
  808   1.318
  809   1.377
  810   1.129
  811   1.105
  812   1.176
  813   1.218
  814   1.199
  815   1.002
  816   1.098
  817   1.506
  818   1.159
  819   1.158
  820   1.386
  821   1.110
  822   1.289
  823   1.147
  824   1.338
  825   1.222
  826   1.065
  827   1.438
  828   1.339
  829   1.215
  830   1.358
  831   1.295
  832   1.149
  833   1.262
  834   1.248
  835   1.215
  836   1.199
  837   1.227
  838   1.440
  839   1.242
  840   1.380
  841   1.210
  842   1.212
  843   1.318
  844   1.131
  845   1.195
  846   1.263
  847   1.161
  848   1.369
  849   1.047
  850   1.233
  851   1.229
  852   1.279
  853   1.179
  854   1.309
  855   1.145
  856   1.306
  857   1.153
  858   1.140
  859   1.163
  860   1.065
  861   1.184
  862   1.230
  863   1.306
  864   1.166
  865   1.252
  866   1.141
  867   1.098
  868   1.197
  869   1.160
  870   1.080
  871   1.325
  872   1.293
  873   1.242
  874   1.222
  875   1.182
  876   1.146
  877   1.182
  878   1.085
  879   1.237
  880   1.188
  881   1.244
  882   1.216
  883   1.121
  884   1.343
  885   1.167
  886   1.266
  887   1.276
  888   1.440
  889   1.470
  890   1.339
  891   1.330
  892   1.466
  893   1.136
  894   1.177
  895   1.226
  896   1.286
  897   1.211
  898   1.287
  899   1.198
  900   1.171
  901   1.173
  902   1.599
  903   1.341
  904   1.258
  905   1.289
  906   1.299
  907   1.295
  908   1.203
  909   1.120
  910   1.141
  911   1.020
  912   1.216
  913   1.168
  914   1.106
  915   1.198
  916   1.249
  917   1.261
  918   1.135
  919   1.108
  920   1.212
  921   1.237
  922   1.197
  923   1.196
  924   1.278
  925   1.269
  926   1.198
  927   1.150
  928   1.057
  929   1.347
  930   1.100
  931   1.143
  932   1.031
  933   1.151
  934   1.234
  935   1.236
  936   1.188
  937   1.296
  938   1.174
  939   1.202
  940   1.161
  941   1.133
  942   1.137
  943   1.199
  944   1.211
  945   1.056
  946   1.197
  947   1.304
  948   1.153
  949   1.125
  950   1.178
  951   1.071
  952   1.211
  953   1.394
  954   1.253
  955   1.396
  956   1.264
  957   1.273
  958   1.252
  959   1.442
  960   1.385
  961   1.235
  962   1.434
  963   1.378
  964   1.397
  965   1.443
  966   1.375
  967   1.343
  968   1.552
  969   1.524
  970   1.487
  971   1.556
  972   1.387
  973   1.369
  974   1.339
  975   1.572
  976   1.447
  977   1.498
  978   1.334
  979   1.314
  980   1.456
  981   1.400
  982   1.357
  983   1.306
  984   1.485
  985   1.347
  986   1.466
  987   1.299
  988   1.362
  989   1.392
  990   1.353
  991   1.286
  992   1.293
  993   1.384
  994   1.251
  995   1.367
  996   1.421
  997   1.386
  998   1.283
  999   1.129
 1000   1.205
 1001   1.282
 1002   1.506
 1003   1.374
 1004   1.525
 1005   1.420
 1006   1.360
 1007   1.437
 1008   1.513
 1009   1.365
 1010   1.275
 1011   1.406
 1012   1.556
 1013   1.487
 1014   1.601
 1015   1.460
 1016   1.380
 1017   1.482
 1018   1.651
 1019   1.511
 1020   1.469
 1021   1.508
 1022   1.388
 1023   1.303
 1024   1.239
 1025   1.214
 1026   1.207
 1027   1.408
 1028   1.352
 1029   1.296
 1030   1.378
 1031   1.344
 1032   1.315
 1033   1.355
 1034   1.440
 1035   1.280
 1036   1.411
 1037   1.532
 1038   1.421
 1039   1.467
 1040   1.247
 1041   1.354
 1042   1.387
 1043   1.275
 1044   1.234
 1045   1.219
 1046   1.335
 1047   1.315
 1048   1.267
 1049   1.167
 1050   1.103
 1051   1.056
 1052   1.076
 1053   1.141
 1054   1.187
 1055   1.142
 1056   1.061
 1057   1.345
 1058   1.344
 1059   0.989
 1060   1.262
 1061   1.186
 1062   1.239
 1063   1.159
 1064   1.271
 1065   1.197
 1066   1.313
 1067   1.243
 1068   1.197
 1069   1.262
 1070   1.217
 1071   1.147
 1072   1.168
 1073   1.302
 1074   1.164
 1075   1.243
 1076   1.247
 1077   1.269
 1078   1.245
 1079   1.279
 1080   1.209
 1081   1.282
 1082   1.298
 1083   1.206
 1084   1.218
 1085   1.261
 1086   1.183
 1087   1.252
 1088   1.317
 1089   1.393
 1090   1.355
 1091   1.205
 1092   1.281
 1093   1.126
 1094   1.043
 1095   1.196
 1096   1.244
 1097   1.231
 1098   1.195
 1099   1.277
 1100   1.155
 1101   1.311
 1102   1.284
 1103   1.286
 1104   1.209
 1105   1.218
 1106   1.152
 1107   1.290
 1108   1.188
 1109   1.360
 1110   1.226
 1111   1.203
 1112   1.114
 1113   1.058
 1114   1.204
 1115   1.125
 1116   1.314
 1117   1.248
 1118   1.205
 1119   1.139
 1120   1.358
 1121   1.283
 1122   1.274
 1123   1.253
 1124   1.129
 1125   1.167
 1126   1.249
 1127   1.222
 1128   1.300
 1129   1.162
 1130   1.057
 1131   1.229
 1132   1.341
 1133   1.056
 1134   1.143
 1135   1.293
 1136   1.173
 1137   1.232
 1138   1.126
 1139   1.139
 1140   1.122
 1141   1.106
 1142   1.161
 1143   1.246
 1144   1.290
 1145   1.179
 1146   1.130
 1147   1.155
 1148   1.232
 1149   1.288
 1150   1.278
 1151   1.283
 1152   1.414
 1153   1.226
 1154   1.339
 1155   1.233
 1156   1.299
 1157   1.352
 1158   1.345
 1159   1.395
 1160   1.446
 1161   1.211
 1162   1.249
 1163   1.234
 1164   1.265
 1165   1.274
 1166   1.356
 1167   1.192
 1168   1.276
 1169   1.165
 1170   1.305
 1171   1.412
 1172   1.287
 1173   1.241
 1174   1.181
 1175   1.279
 1176   1.352
 1177   1.244
 1178   1.200
 1179   1.164
 1180   1.212
 1181   1.362
 1182   1.271
 1183   1.348
 1184   1.349
 1185   1.351
 1186   1.232
 1187   1.259
 1188   1.324
 1189   1.199
 1190   1.332
 1191   1.270
 1192   1.247
 1193   1.275
 1194   1.266
 1195   1.270
 1196   1.419
 1197   1.273
 1198   1.251
 1199   1.289
 1200   1.339
 1201   1.446
 1202   1.298
 1203   1.249
 1204   1.249
 1205   1.140
 1206   1.272
 1207   1.311
 1208   1.249
 1209   1.298
 1210   1.318
 1211   1.450
 1212   1.373
 1213   1.236
 1214   1.401
 1215   1.336
 1216   1.275
 1217   1.280
 1218   1.308
 1219   1.254
 1220   1.189
 1221   1.337
 1222   1.438
 1223   1.260
 1224   1.243
 1225   1.255
 1226   1.268
 1227   1.205
 1228   1.244
 1229   1.252
 1230   1.131
 1231   1.197
 1232   1.408
 1233   1.450
 1234   1.230
 1235   1.350
 1236   1.360
 1237   1.202
 1238   1.334
 1239   1.260
 1240   1.180
 1241   1.179
 1242   1.131
 1243   1.338
 1244   1.277
 1245   1.439
 1246   1.241
 1247   1.219
 1248   1.371
 1249   1.332
 1250   1.370
 1251   1.360
 1252   1.378
 1253   1.306
 1254   1.316
 1255   1.342
 1256   1.324
 1257   1.201
 1258   1.381
 1259   1.539
 1260   1.491
 1261   1.354
 1262   1.420
 1263   1.447
 1264   1.250
 1265   1.200
 1266   1.426
 1267   1.362
 1268   1.256
 1269   1.333
 1270   1.448
 1271   1.312
 1272   1.384
 1273   1.417
 1274   1.405
 1275   1.404
 1276   1.395
 1277   1.366
 1278   1.235
 1279   1.363
 1280   1.310
 1281   1.331
 1282   1.394
 1283   1.300
 1284   1.360
 1285   1.384
 1286   1.374
 1287   1.345
 1288   1.560
 1289   1.390
 1290   1.307
 1291   1.482
 1292   1.238
 1293   1.386
 1294   1.337
 1295   1.321
 1296   1.272
 1297   1.214
 1298   1.343
 1299   1.481
 1300   1.422
 1301   1.286
 1302   1.311
 1303   1.302
 1304   1.325
 1305   1.416
 1306   1.468
 1307   1.364
 1308   1.394
 1309   1.413
 1310   1.392
 1311   1.293
 1312   1.272
 1313   1.483
 1314   1.548
 1315   1.377
 1316   1.384
 1317   1.379
 1318   1.299
 1319   1.361
 1320   1.297
 1321   1.359
 1322   1.339
 1323   1.435
 1324   1.258
 1325   1.393
 1326   1.220
 1327   1.389
 1328   1.488
 1329   1.270
 1330   1.260
 1331   1.401
 1332   1.376
 1333   1.366
 1334   1.454
 1335   1.509
 1336   1.526
 1337   1.422
 1338   1.297
 1339   1.255
 1340   1.384
 1341   1.447
 1342   1.498
 1343   1.441
 1344   1.346
 1345   1.276
 1346   1.306
 1347   1.306
 1348   1.476
 1349   1.320
 1350   1.359
 1351   1.418
 1352   1.370
 1353   1.348
 1354   1.521
 1355   1.443
 1356   1.419
 1357   1.379
 1358   1.353
 1359   1.434
 1360   1.325
 1361   1.408
 1362   1.459
 1363   1.507
 1364   1.309
 1365   1.409
 1366   1.350
 1367   1.356
 1368   1.495
 1369   1.624
 1370   1.426
 1371   1.338
 1372   1.362
 1373   1.317
 1374   1.375
 1375   1.382
 1376   1.217
 1377   1.276
 1378   1.377
 1379   1.239
 1380   1.177
 1381   1.422
 1382   1.443
 1383   1.305
 1384   1.323
 1385   1.270
 1386   1.351
 1387   1.396
 1388   1.313
 1389   1.474
 1390   1.606
 1391   1.428
 1392   1.482
 1393   1.410
 1394   1.419
 1395   1.371
 1396   1.304
 1397   1.570
 1398   1.390
 1399   1.372
 1400   1.376
 1401   1.290
 1402   1.394
 1403   1.423
 1404   1.608
 1405   1.390
 1406   1.362
 1407   1.368
 1408   1.259
 1409   1.312
 1410   1.473
 1411   1.385
 1412   1.357
 1413   1.319
 1414   1.202
 1415   1.220
 1416   1.306
 1417   1.446
 1418   1.354
 1419   1.325
 1420   1.487
 1421   1.398
 1422   1.314
 1423   1.429
 1424   1.345
 1425   1.299
 1426   1.345
 1427   1.684
 1428   1.522
 1429   1.298
 1430   1.332
 1431   1.291
 1432   1.267
 1433   1.295
 1434   1.431
 1435   1.546
 1436   1.326
 1437   1.472
 1438   1.326
 1439   1.369
 1440   1.539
 1441   1.349
 1442   1.449
 1443   1.516
 1444   1.258
 1445   1.338
 1446   1.372
 1447   1.347
 1448   1.371
 1449   1.422
 1450   1.412
 1451   1.443
 1452   1.451
 1453   1.324
 1454   1.373
 1455   1.386
 1456   1.320
 1457   1.233
 1458   1.303
 1459   1.305
 1460   1.272
 1461   1.557
 1462   1.405
 1463   1.515
 1464   1.295
 1465   1.366
 1466   1.293
 1467   1.222
 1468   1.355
 1469   1.407
 1470   1.421
 1471   1.389
 1472   1.284
 1473   1.425
 1474   1.411
 1475   1.390
 1476   1.327
 1477   1.438
 1478   1.470
 1479   1.323
 1480   1.375
 1481   1.522
 1482   1.433
 1483   1.273
 1484   1.342
 1485   1.435
 1486   1.489
 1487   1.321
 1488   1.062
 1489   1.312
 1490   1.222
 1491   1.250
 1492   1.432
 1493   1.416
 1494   1.560
 1495   1.388
 1496   1.372
 1497   1.351
 1498   1.407
 1499   1.506
 1500   1.499
 1501   1.409
 1502   1.478
 1503   1.511
 1504   1.322
 1505   1.362
 1506   1.514
 1507   1.397
 1508   1.346
 1509   1.310
 1510   1.486
 1511   1.596
 1512   1.678
 1513   1.402
 1514   1.610
 1515   1.483
 1516   1.377
 1517   1.407
 1518   1.360
 1519   1.373
 1520   1.400
 1521   1.438
 1522   1.399
 1523   1.338
 1524   1.351
 1525   1.526
 1526   1.328
 1527   1.528
 1528   1.398
 1529   1.451
 1530   1.462
 1531   1.398
 1532   1.621
 1533   1.531
 1534   1.490
 1535   1.265
 1536   1.364
 1537   1.435
 1538   1.278
 1539   1.417
 1540   1.369
 1541   1.299
 1542   1.250
 1543   1.499
 1544   1.665
 1545   1.384
 1546   1.423
 1547   1.453
 1548   1.303
 1549   1.292
 1550   1.192
 1551   1.275
 1552   1.382
 1553   1.383
 1554   1.261
 1555   1.282
 1556   1.329
 1557   1.388
 1558   1.420
 1559   1.399
 1560   1.334
 1561   1.383
 1562   1.440
 1563   1.503
 1564   1.380
 1565   1.264
 1566   1.477
 1567   1.397
 1568   1.332
 1569   1.317
 1570   1.182
 1571   1.326
 1572   1.294
 1573   1.270
 1574   1.298
 1575   1.300
 1576   1.408
 1577   1.403
 1578   1.293
 1579   1.426
 1580   1.412
 1581   1.405
 1582   1.540
 1583   1.463
 1584   1.250
 1585   1.331
 1586   1.502
 1587   1.283
 1588   1.393
 1589   1.298
 1590   1.184
 1591   1.319
 1592   1.383
 1593   1.414
 1594   1.451
 1595   1.363
 1596   1.302
 1597   1.520
 1598   1.402
 1599   1.412
 1600   1.288
 1601   1.438
 1602   1.333
 1603   1.525
 1604   1.379
 1605   1.507
 1606   1.168
 1607   1.419
 1608   1.468
 1609   1.304
 1610   1.384
 1611   1.448
 1612   1.198
 1613   1.376
 1614   1.351
 1615   1.330
 1616   1.334
 1617   1.474
 1618   1.460
 1619   1.310
 1620   1.408
 1621   1.488
 1622   1.381
 1623   1.422
 1624   1.244
 1625   1.277
 1626   1.305
 1627   1.344
 1628   1.346
 1629   1.330
 1630   1.422
 1631   1.487
 1632   1.359
 1633   1.470
 1634   1.256
 1635   1.427
 1636   1.361
 1637   1.363
 1638   1.213
 1639   1.435
 1640   1.512
 1641   1.368
 1642   1.384
 1643   1.380
 1644   1.473
 1645   1.390
 1646   1.450
 1647   1.458
 1648   1.447
 1649   1.504
 1650   1.384
 1651   1.347
 1652   1.286
 1653   1.456
 1654   1.373
 1655   1.308
 1656   1.343
 1657   1.390
 1658   1.424
 1659   1.372
 1660   1.417
 1661   1.455
 1662   1.382
 1663   1.476
 1664   1.310
 1665   1.280
 1666   1.315
 1667   1.353
 1668   1.500
 1669   1.445
 1670   1.191
 1671   1.270
 1672   1.324
 1673   1.341
 1674   1.344
 1675   1.249
 1676   1.399
 1677   1.270
 1678   1.398
 1679   1.435
 1680   1.304
 1681   1.498
 1682   1.324
 1683   1.380
 1684   1.403
 1685   1.357
 1686   1.372
 1687   1.261
 1688   1.417
 1689   1.533
 1690   1.479
 1691   1.455
 1692   1.297
 1693   1.350
 1694   1.382
 1695   1.312
 1696   1.317
 1697   1.428
 1698   1.394
 1699   1.340
 1700   1.313
 1701   1.406
 1702   1.447
 1703   1.290
 1704   1.404
 1705   1.378
 1706   1.411
 1707   1.262
 1708   1.329
 1709   1.288
 1710   1.270
 1711   1.455
 1712   1.487
 1713   1.317
 1714   1.440
 1715   1.326
 1716   1.228
 1717   1.365
 1718   1.524
 1719   1.497
 1720   1.407
 1721   1.446
 1722   1.370
 1723   1.292
 1724   1.387
 1725   1.460
 1726   1.346
 1727   1.275
 1728   1.375
 1729   1.412
 1730   1.425
 1731   1.565
 1732   1.512
 1733   1.426
 1734   1.529
 1735   1.465
 1736   1.436
 1737   1.381
 1738   1.341
 1739   1.391
 1740   1.421
 1741   1.286
 1742   1.385
 1743   1.308
 1744   1.319
 1745   1.369
 1746   1.176
 1747   1.341
 1748   1.474
 1749   1.317
 1750   1.424
 1751   1.439
 1752   1.495
 1753   1.239
 1754   1.504
 1755   1.472
 1756   1.266
 1757   1.364
 1758   1.308
 1759   1.392
 1760   1.292
 1761   1.371
 1762   1.356
 1763   1.348
 1764   1.346
 1765   1.435
 1766   1.324
 1767   1.363
 1768   1.372
 1769   1.354
 1770   1.328
 1771   1.388
 1772   1.394
 1773   1.376
 1774   1.411
 1775   1.593
 1776   1.329
 1777   1.302
 1778   1.491
 1779   1.406
 1780   1.390
 1781   1.308
 1782   1.223
 1783   1.463
 1784   1.387
 1785   1.280
 1786   1.367
 1787   1.398
 1788   1.296
 1789   1.446
 1790   1.403
 1791   1.372
 1792   1.228
 1793   1.402
 1794   1.493
 1795   1.513
 1796   1.117
 1797   1.332
 1798   1.260
 1799   1.392
 1800   1.291
 1801   1.165
 1802   1.416
 1803   1.272
 1804   1.312
 1805   1.439
 1806   1.299
 1807   1.244
 1808   1.304
 1809   1.224
 1810   1.249
 1811   1.292
 1812   1.373
 1813   1.267
 1814   1.450
 1815   1.398
 1816   1.433
 1817   1.325
 1818   1.424
 1819   1.294
 1820   1.268
 1821   1.278
 1822   1.444
 1823   1.540
 1824   1.356
 1825   1.374
 1826   1.369
 1827   1.330
 1828   1.257
 1829   1.384
 1830   1.296
 1831   1.455
 1832   1.523
 1833   1.363
 1834   1.363
 1835   1.346
 1836   1.365
 1837   1.459
 1838   1.249
 1839   1.189
 1840   1.409
 1841   1.345
 1842   1.244
 1843   1.265
 1844   1.294
 1845   1.494
 1846   1.403
 1847   1.327
 1848   1.436
 1849   1.196
 1850   1.267
 1851   1.340
 1852   1.390
 1853   1.528
 1854   1.417
 1855   1.398
 1856   1.336
 1857   1.345
 1858   1.447
 1859   1.487
 1860   1.243
 1861   1.260
 1862   1.295
 1863   1.311
 1864   1.304
 1865   1.219
 1866   1.411
 1867   1.379
 1868   1.400
 1869   1.417
 1870   1.465
 1871   1.493
 1872   1.550
 1873   1.367
 1874   1.646
 1875   1.503
 1876   1.445
 1877   1.335
 1878   1.263
 1879   1.611
 1880   1.480
 1881   1.480
 1882   1.366
 1883   1.462
 1884   1.215
 1885   1.469
 1886   1.369
 1887   1.292
 1888   1.424
 1889   1.480
 1890   1.359
 1891   1.512
 1892   1.393
 1893   1.696
 1894   1.426
 1895   1.610
 1896   1.405
 1897   1.421
 1898   1.392
 1899   1.406
 1900   1.411
 1901   1.287
 1902   1.459
 1903   1.398
 1904   1.319
 1905   1.575
 1906   1.565
 1907   1.509
 1908   1.418
 1909   1.561
 1910   1.491
 1911   1.355
 1912   1.220
 1913   1.336
 1914   1.435
 1915   1.244
 1916   1.335
 1917   1.301
 1918   1.227
 1919   1.392
 1920   1.527
 1921   1.559
 1922   1.269
 1923   1.381
 1924   1.417
 1925   1.270
 1926   1.555
 1927   1.296
 1928   1.319
 1929   1.306
 1930   1.291
 1931   1.577
 1932   1.465
 1933   1.445
 1934   1.554
 1935   1.440
 1936   1.356
 1937   1.397
 1938   1.378
 1939   1.212
 1940   1.509
 1941   1.361
 1942   1.451
 1943   1.388
 1944   1.455
 1945   1.483
 1946   1.389
 1947   1.237
 1948   1.513
 1949   1.466
 1950   1.430
 1951   1.309
 1952   1.414
 1953   1.311
 1954   1.409
 1955   1.425
 1956   1.412
 1957   1.338
 1958   1.336
 1959   1.312
 1960   1.286
 1961   1.215
 1962   1.356
 1963   1.253
 1964   1.346
 1965   1.488
 1966   1.390
 1967   1.348
 1968   1.306
 1969   1.377
 1970   1.311
 1971   1.352
 1972   1.358
 1973   1.200
 1974   1.449
 1975   1.501
 1976   1.275
 1977   1.393
 1978   1.501
 1979   1.352
 1980   1.385
 1981   1.362
 1982   1.422
 1983   1.486
 1984   1.499
 1985   1.545
 1986   1.373
 1987   1.286
 1988   1.547
 1989   1.444
 1990   1.312
 1991   1.356
 1992   1.342
 1993   1.664
 1994   1.422
 1995   1.231
 1996   1.398
 1997   1.303
 1998   1.299
 1999   1.307
 2000   1.325
 2001   1.415
 2002   1.367
 2003   1.406
 2004   1.240
 2005   1.318
 2006   1.453
 2007   1.444
 2008   1.341
 2009   1.339
 2010   1.473
 2011   1.392
 2012   1.394
 2013   1.480
 2014   1.346
 2015   1.384
 2016   1.359
 2017   1.218
 2018   1.330
 2019   1.302
 2020   1.274
 2021   1.453
 2022   1.336
 2023   1.406
 2024   1.499
 2025   1.522
 2026   1.261
 2027   1.448
 2028   1.234
 2029   1.391
 2030   1.341
 2031   1.508
 2032   1.431
 2033   1.257
 2034   1.402
 2035   1.378
 2036   1.405
 2037   1.371
 2038   1.426
 2039   1.401
 2040   1.213
 2041   1.299
 2042   1.313
 2043   1.350
 2044   1.367
 2045   1.361
 2046   1.202
 2047   1.381
 2048   1.598
 2049   1.454
 2050   1.279
 2051   1.403
 2052   1.343
 2053   1.409
 2054   1.298
 2055   1.332
 2056   1.386
 2057   1.234
 2058   1.344
 2059   1.250
 2060   1.438
 2061   1.478
 2062   1.277
 2063   1.354
 2064   1.292
 2065   1.179
 2066   1.262
 2067   1.293
 2068   1.291
 2069   1.348
 2070   1.285
 2071   1.366
 2072   1.455
 2073   1.347
 2074   1.280
 2075   1.430
 2076   1.424
 2077   1.422
 2078   1.397
 2079   1.474
 2080   1.417
 2081   1.451
 2082   1.341
 2083   1.590
 2084   1.425
 2085   1.360
 2086   1.358
 2087   1.387
 2088   1.302
 2089   1.348
 2090   1.301
 2091   1.483
 2092   1.330
 2093   1.347
 2094   1.398
 2095   1.372
 2096   1.302
 2097   1.308
 2098   1.430
 2099   1.469
 2100   1.275
 2101   1.385
 2102   1.335
 2103   1.232
 2104   1.510
 2105   1.376
 2106   1.533
 2107   1.427
 2108   1.349
 2109   1.535
 2110   1.336
 2111   1.311
 2112   1.426
 2113   1.351
 2114   1.454
 2115   1.337
 2116   1.507
 2117   1.343
 2118   1.415
 2119   1.420
 2120   1.372
 2121   1.353
 2122   1.382
 2123   1.303
 2124   1.392
 2125   1.362
 2126   1.308
 2127   1.267
 2128   1.458
 2129   1.265
 2130   1.380
 2131   1.286
 2132   1.206
 2133   1.272
 2134   1.303
 2135   1.286
 2136   1.404
 2137   1.282
 2138   1.299
 2139   1.365
 2140   1.212
 2141   1.370
 2142   1.462
 2143   1.398
 2144   1.387
 2145   1.472
 2146   1.281
 2147   1.445
 2148   1.500
 2149   1.441
 2150   1.409
 2151   1.358
 2152   1.467
 2153   1.505
 2154   1.380
 2155   1.365
 2156   1.377
 2157   1.327
 2158   1.381
 2159   1.402
 2160   1.486
 2161   1.229
 2162   1.303
 2163   1.298
 2164   1.365
 2165   1.486
 2166   1.297
 2167   1.296
 2168   1.363
 2169   1.454
 2170   1.370
 2171   1.345
 2172   1.704
 2173   1.528
 2174   1.373
 2175   1.390
 2176   1.482
 2177   1.445
 2178   1.459
 2179   1.516
 2180   1.439
 2181   1.452
 2182   1.555
 2183   1.521
 2184   1.504
 2185   1.381
 2186   1.513
 2187   1.464
 2188   1.435
 2189   1.355
 2190   1.534
 2191   1.300
 2192   1.383
 2193   1.439
 2194   1.498
 2195   1.468
 2196   1.278
 2197   1.366
 2198   1.345
 2199   1.296
 2200   1.263
 2201   1.265
 2202   1.228
 2203   1.169
 2204   1.246
 2205   1.453
 2206   1.493
 2207   1.364
 2208   1.494
 2209   1.342
 2210   1.428
 2211   1.404
 2212   1.436
 2213   1.570
 2214   1.379
 2215   1.437
 2216   1.408
 2217   1.405
 2218   1.454
 2219   1.500
 2220   1.380
 2221   1.432
 2222   1.361
 2223   1.375
 2224   1.419
 2225   1.448
 2226   1.343
 2227   1.343
 2228   1.564
 2229   1.400
 2230   1.380
 2231   1.301
 2232   1.269
 2233   1.460
 2234   1.383
 2235   1.416
 2236   1.386
 2237   1.353
 2238   1.372
 2239   1.225
 2240   1.347
 2241   1.380
 2242   1.557
 2243   1.517
 2244   1.437
 2245   1.419
 2246   1.341
 2247   1.361
 2248   1.472
 2249   1.326
 2250   1.378
 2251   1.378
 2252   1.390
 2253   1.225
 2254   1.303
 2255   1.302
 2256   1.377
 2257   1.323
 2258   1.302
 2259   1.263
 2260   1.408
 2261   1.216
 2262   1.273
 2263   1.287
 2264   1.299
 2265   1.318
 2266   1.384
 2267   1.308
 2268   1.278
 2269   1.208
 2270   1.396
 2271   1.425
 2272   1.181
 2273   1.314
 2274   1.325
 2275   1.368
 2276   1.330
 2277   1.204
 2278   1.249
 2279   1.392
 2280   1.324
 2281   1.422
 2282   1.429
 2283   1.323
 2284   1.155
 2285   1.117
 2286   1.183
 2287   1.257
 2288   1.321
 2289   1.266
 2290   1.223
 2291   1.306
 2292   1.283
 2293   1.205
 2294   1.249
 2295   1.222
 2296   1.256
 2297   1.212
 2298   1.278
 2299   1.282
 2300   1.240
 2301   1.250
 2302   1.297
 2303   1.160
 2304   1.186
 2305   1.300
 2306   1.217
 2307   1.353
 2308   1.267
 2309   1.185
 2310   1.321
 2311   1.261
 2312   1.164
 2313   1.257
 2314   1.278
 2315   1.250
 2316   1.287
 2317   1.301
 2318   1.258
 2319   1.312
 2320   1.315
 2321   1.226
 2322   1.263
 2323   1.259
 2324   1.408
 2325   1.185
 2326   1.215
 2327   1.367
 2328   1.361
 2329   1.277
 2330   1.259
 2331   1.217
 2332   1.225
 2333   1.311
 2334   1.335
 2335   1.304
 2336   1.263
 2337   1.248
 2338   1.206
 2339   1.394
 2340   1.339
 2341   1.347
 2342   1.215
 2343   1.214
 2344   1.202
 2345   1.221
 2346   1.258
 2347   1.307
 2348   1.264
 2349   1.374
 2350   1.269
 2351   1.240
 2352   1.312
 2353   1.332
 2354   1.278
 2355   1.421
 2356   1.181
 2357   1.274
 2358   1.260
 2359   1.190
 2360   1.353
 2361   1.204
 2362   1.309
 2363   1.193
 2364   1.230
 2365   1.217
 2366   1.266
 2367   1.330
 2368   1.363
 2369   1.287
 2370   1.243
 2371   1.287
 2372   1.327
 2373   1.271
 2374   1.264
 2375   1.285
 2376   1.181
 2377   1.197
 2378   1.173
 2379   1.242
 2380   1.341
 2381   1.150
 2382   1.316
 2383   1.204
 2384   1.345
 2385   1.268
 2386   1.244
 2387   1.196
 2388   1.299
 2389   1.327
 2390   1.185
 2391   1.212
 2392   1.287
 2393   1.228
 2394   1.228
 2395   1.275
 2396   1.233
 2397   1.300
 2398   1.315
 2399   1.257
 2400   1.193
 2401   1.240
 2402   1.185
 2403   1.332
 2404   1.190
 2405   1.262
 2406   1.249
 2407   1.243
 2408   1.245
 2409   1.273
 2410   1.295
 2411   1.234
 2412   1.203
 2413   1.229
 2414   1.235
 2415   1.227
 2416   1.192
 2417   1.174
 2418   1.331
 2419   1.241
 2420   1.237
 2421   1.281
 2422   1.251
 2423   1.236
 2424   1.235
 2425   1.140
 2426   1.211
 2427   1.206
 2428   1.202
 2429   1.121
 2430   1.246
 2431   1.225
 2432   1.322
 2433   1.225
 2434   1.304
 2435   1.277
 2436   1.225
 2437   1.216
 2438   1.237
 2439   1.315
 2440   1.185
 2441   1.221
 2442   1.137
 2443   1.177
 2444   1.123
 2445   1.239
 2446   1.239
 2447   1.140
 2448   1.183
 2449   1.216
 2450   1.261
 2451   1.415
 2452   1.338
 2453   1.323
 2454   1.362
 2455   1.291
 2456   1.228
 2457   1.344
 2458   1.269
 2459   1.241
 2460   1.199
 2461   1.293
 2462   1.247
 2463   1.236
 2464   1.282
 2465   1.183
 2466   1.230
 2467   1.276
 2468   1.220
 2469   1.378
 2470   1.252
 2471   1.345
 2472   1.283
 2473   1.345
 2474   1.388
 2475   1.303
 2476   1.159
 2477   1.245
 2478   1.311
 2479   1.188
 2480   1.237
 2481   1.262
 2482   1.310
 2483   1.204
 2484   1.307
 2485   1.264
 2486   1.316
 2487   1.203
 2488   1.316
 2489   1.368
 2490   1.355
 2491   1.303
 2492   1.312
 2493   1.371
 2494   1.367
 2495   1.418
 2496   1.373
 2497   1.310
 2498   1.377
 2499   1.394
 2500   1.360
 2501   1.272
 2502   1.444
 2503   1.390
 2504   1.208
 2505   1.295
 2506   1.285
 2507   1.380
 2508   1.300
 2509   1.300
 2510   1.367
 2511   1.339
 2512   1.274
 2513   1.242
 2514   1.154
 2515   1.264
 2516   1.236
 2517   1.240
 2518   1.334
 2519   1.209
 2520   1.339
 2521   1.195
 2522   1.362
 2523   1.375
 2524   1.276
 2525   1.388
 2526   1.304
 2527   1.308
 2528   1.284
 2529   1.340
 2530   1.164
 2531   1.325
 2532   1.283
 2533   1.269
 2534   1.343
 2535   1.285
 2536   1.225
 2537   1.310
 2538   1.322
 2539   1.327
 2540   1.317
 2541   1.196
 2542   1.386
 2543   1.354
 2544   1.315
 2545   1.371
 2546   1.295
 2547   1.370
 2548   1.455
 2549   1.292
 2550   1.259
 2551   1.367
 2552   1.332
 2553   1.371
 2554   1.341
 2555   1.267
 2556   1.324
 2557   1.372
 2558   1.196
 2559   1.174
 2560   1.137
 2561   1.279
 2562   1.282
 2563   1.268
 2564   1.297
 2565   1.335
 2566   1.192
 2567   1.326
 2568   1.272
 2569   1.215
 2570   1.190
 2571   1.225
 2572   1.304
 2573   1.173
 2574   1.120
 2575   1.194
 2576   1.234
 2577   1.253
 2578   1.351
 2579   1.202
 2580   1.214
 2581   1.326
 2582   1.352
 2583   1.271
 2584   1.307
 2585   1.321
 2586   1.405
 2587   1.275
 2588   1.315
 2589   1.299
 2590   1.242
 2591   1.094
 2592   1.154
 2593   1.173
 2594   1.230
 2595   1.171
 2596   1.294
 2597   1.217
 2598   1.201
 2599   1.244
 2600   1.266
 2601   1.232
 2602   1.310
 2603   1.271
 2604   1.327
 2605   1.207
 2606   1.204
 2607   1.293
 2608   1.306
 2609   1.269
 2610   1.359
 2611   1.289
 2612   1.253
 2613   1.153
 2614   1.263
 2615   1.257
 2616   1.227
 2617   1.272
 2618   1.199
 2619   1.209
 2620   1.271
 2621   1.294
 2622   1.436
 2623   1.363
 2624   1.242
 2625   1.234
 2626   1.235
 2627   1.276
 2628   1.286
 2629   1.336
 2630   1.166
 2631   1.363
 2632   1.285
 2633   1.304
 2634   1.278
 2635   1.321
 2636   1.257
 2637   1.254
 2638   1.227
 2639   1.305
 2640   1.259
 2641   1.257
 2642   1.325
 2643   1.240
 2644   1.301

